20,5,10,10,0,5,5,1
20,5,10,10,0,5,5,2
20,5,10,10,0,5,5,3
20,5,10,10,0,5,5,4
20,5,10,10,0,5,5,5
20,5,10,10,0,5,5,6
20,5,10,10,0,5,5,7
20,5,10,10,0,5,5,8
20,5,10,10,0,5,5,9
20,5,10,10,0,5,5,10
20,5,10,10,0,5,5,11
20,5,10,10,0,5,5,12
20,5,10,10,0,5,5,13
20,5,10,10,0,5,5,14
20,5,10,10,0,5,5,15
20,5,10,10,0,5,5,16
20,5,10,10,0,5,5,17
20,5,10,10,0,5,5,18
20,5,10,10,0,5,5,19
20,5,10,10,0,5,5,20
20,5,10,10,0,5,10,1
20,5,10,10,0,5,10,2
20,5,10,10,0,5,10,3
20,5,10,10,0,5,10,4
20,5,10,10,0,5,10,5
20,5,10,10,0,5,10,6
20,5,10,10,0,5,10,7
20,5,10,10,0,5,10,8
20,5,10,10,0,5,10,9
20,5,10,10,0,5,10,10
20,5,10,10,0,5,10,11
20,5,10,10,0,5,10,12
20,5,10,10,0,5,10,13
20,5,10,10,0,5,10,14
20,5,10,10,0,5,10,15
20,5,10,10,0,5,10,16
20,5,10,10,0,5,10,17
20,5,10,10,0,5,10,18
20,5,10,10,0,5,10,19
20,5,10,10,0,5,10,20
20,5,10,10,0,5,15,1
20,5,10,10,0,5,15,2
20,5,10,10,0,5,15,3
20,5,10,10,0,5,15,4
20,5,10,10,0,5,15,5
20,5,10,10,0,5,15,6
20,5,10,10,0,5,15,7
20,5,10,10,0,5,15,8
20,5,10,10,0,5,15,9
20,5,10,10,0,5,15,10
20,5,10,10,0,5,15,11
20,5,10,10,0,5,15,12
20,5,10,10,0,5,15,13
20,5,10,10,0,5,15,14
20,5,10,10,0,5,15,15
20,5,10,10,0,5,15,16
20,5,10,10,0,5,15,17
20,5,10,10,0,5,15,18
20,5,10,10,0,5,15,19
20,5,10,10,0,5,15,20
20,5,10,10,0,5,20,1
20,5,10,10,0,5,20,2
20,5,10,10,0,5,20,3
20,5,10,10,0,5,20,4
20,5,10,10,0,5,20,5
20,5,10,10,0,5,20,6
20,5,10,10,0,5,20,7
20,5,10,10,0,5,20,8
20,5,10,10,0,5,20,9
20,5,10,10,0,5,20,10
20,5,10,10,0,5,20,11
20,5,10,10,0,5,20,12
20,5,10,10,0,5,20,13
20,5,10,10,0,5,20,14
20,5,10,10,0,5,20,15
20,5,10,10,0,5,20,16
20,5,10,10,0,5,20,17
20,5,10,10,0,5,20,18
20,5,10,10,0,5,20,19
20,5,10,10,0,5,20,20
20,5,10,10,0,5,25,1
20,5,10,10,0,5,25,2
20,5,10,10,0,5,25,3
20,5,10,10,0,5,25,4
20,5,10,10,0,5,25,5
20,5,10,10,0,5,25,6
20,5,10,10,0,5,25,7
20,5,10,10,0,5,25,8
20,5,10,10,0,5,25,9
20,5,10,10,0,5,25,10
20,5,10,10,0,5,25,11
20,5,10,10,0,5,25,12
20,5,10,10,0,5,25,13
20,5,10,10,0,5,25,14
20,5,10,10,0,5,25,15
20,5,10,10,0,5,25,16
20,5,10,10,0,5,25,17
20,5,10,10,0,5,25,18
20,5,10,10,0,5,25,19
20,5,10,10,0,5,25,20
20,5,10,10,0,5,30,1
20,5,10,10,0,5,30,2
20,5,10,10,0,5,30,3
20,5,10,10,0,5,30,4
20,5,10,10,0,5,30,5
20,5,10,10,0,5,30,6
20,5,10,10,0,5,30,7
20,5,10,10,0,5,30,8
20,5,10,10,0,5,30,9
20,5,10,10,0,5,30,10
20,5,10,10,0,5,30,11
20,5,10,10,0,5,30,12
20,5,10,10,0,5,30,13
20,5,10,10,0,5,30,14
20,5,10,10,0,5,30,15
20,5,10,10,0,5,30,16
20,5,10,10,0,5,30,17
20,5,10,10,0,5,30,18
20,5,10,10,0,5,30,19
20,5,10,10,0,5,30,20
20,5,10,10,0,5,35,1
20,5,10,10,0,5,35,2
20,5,10,10,0,5,35,3
20,5,10,10,0,5,35,4
20,5,10,10,0,5,35,5
20,5,10,10,0,5,35,6
20,5,10,10,0,5,35,7
20,5,10,10,0,5,35,8
20,5,10,10,0,5,35,9
20,5,10,10,0,5,35,10
20,5,10,10,0,5,35,11
20,5,10,10,0,5,35,12
20,5,10,10,0,5,35,13
20,5,10,10,0,5,35,14
20,5,10,10,0,5,35,15
20,5,10,10,0,5,35,16
20,5,10,10,0,5,35,17
20,5,10,10,0,5,35,18
20,5,10,10,0,5,35,19
20,5,10,10,0,5,35,20
20,5,10,10,0,5,40,1
20,5,10,10,0,5,40,2
20,5,10,10,0,5,40,3
20,5,10,10,0,5,40,4
20,5,10,10,0,5,40,5
20,5,10,10,0,5,40,6
20,5,10,10,0,5,40,7
20,5,10,10,0,5,40,8
20,5,10,10,0,5,40,9
20,5,10,10,0,5,40,10
20,5,10,10,0,5,40,11
20,5,10,10,0,5,40,12
20,5,10,10,0,5,40,13
20,5,10,10,0,5,40,14
20,5,10,10,0,5,40,15
20,5,10,10,0,5,40,16
20,5,10,10,0,5,40,17
20,5,10,10,0,5,40,18
20,5,10,10,0,5,40,19
20,5,10,10,0,5,40,20
20,5,10,10,0,10,5,1
20,5,10,10,0,10,5,2
20,5,10,10,0,10,5,3
20,5,10,10,0,10,5,4
20,5,10,10,0,10,5,5
20,5,10,10,0,10,5,6
20,5,10,10,0,10,5,7
20,5,10,10,0,10,5,8
20,5,10,10,0,10,5,9
20,5,10,10,0,10,5,10
20,5,10,10,0,10,5,11
20,5,10,10,0,10,5,12
20,5,10,10,0,10,5,13
20,5,10,10,0,10,5,14
20,5,10,10,0,10,5,15
20,5,10,10,0,10,5,16
20,5,10,10,0,10,5,17
20,5,10,10,0,10,5,18
20,5,10,10,0,10,5,19
20,5,10,10,0,10,5,20
20,5,10,10,0,10,10,1
20,5,10,10,0,10,10,2
20,5,10,10,0,10,10,3
20,5,10,10,0,10,10,4
20,5,10,10,0,10,10,5
20,5,10,10,0,10,10,6
20,5,10,10,0,10,10,7
20,5,10,10,0,10,10,8
20,5,10,10,0,10,10,9
20,5,10,10,0,10,10,10
20,5,10,10,0,10,10,11
20,5,10,10,0,10,10,12
20,5,10,10,0,10,10,13
20,5,10,10,0,10,10,14
20,5,10,10,0,10,10,15
20,5,10,10,0,10,10,16
20,5,10,10,0,10,10,17
20,5,10,10,0,10,10,18
20,5,10,10,0,10,10,19
20,5,10,10,0,10,10,20
20,5,10,10,0,10,15,1
20,5,10,10,0,10,15,2
20,5,10,10,0,10,15,3
20,5,10,10,0,10,15,4
20,5,10,10,0,10,15,5
20,5,10,10,0,10,15,6
20,5,10,10,0,10,15,7
20,5,10,10,0,10,15,8
20,5,10,10,0,10,15,9
20,5,10,10,0,10,15,10
20,5,10,10,0,10,15,11
20,5,10,10,0,10,15,12
20,5,10,10,0,10,15,13
20,5,10,10,0,10,15,14
20,5,10,10,0,10,15,15
20,5,10,10,0,10,15,16
20,5,10,10,0,10,15,17
20,5,10,10,0,10,15,18
20,5,10,10,0,10,15,19
20,5,10,10,0,10,15,20
20,5,10,10,0,10,20,1
20,5,10,10,0,10,20,2
20,5,10,10,0,10,20,3
20,5,10,10,0,10,20,4
20,5,10,10,0,10,20,5
20,5,10,10,0,10,20,6
20,5,10,10,0,10,20,7
20,5,10,10,0,10,20,8
20,5,10,10,0,10,20,9
20,5,10,10,0,10,20,10
20,5,10,10,0,10,20,11
20,5,10,10,0,10,20,12
20,5,10,10,0,10,20,13
20,5,10,10,0,10,20,14
20,5,10,10,0,10,20,15
20,5,10,10,0,10,20,16
20,5,10,10,0,10,20,17
20,5,10,10,0,10,20,18
20,5,10,10,0,10,20,19
20,5,10,10,0,10,20,20
20,5,10,10,0,10,25,1
20,5,10,10,0,10,25,2
20,5,10,10,0,10,25,3
20,5,10,10,0,10,25,4
20,5,10,10,0,10,25,5
20,5,10,10,0,10,25,6
20,5,10,10,0,10,25,7
20,5,10,10,0,10,25,8
20,5,10,10,0,10,25,9
20,5,10,10,0,10,25,10
20,5,10,10,0,10,25,11
20,5,10,10,0,10,25,12
20,5,10,10,0,10,25,13
20,5,10,10,0,10,25,14
20,5,10,10,0,10,25,15
20,5,10,10,0,10,25,16
20,5,10,10,0,10,25,17
20,5,10,10,0,10,25,18
20,5,10,10,0,10,25,19
20,5,10,10,0,10,25,20
20,5,10,10,0,10,30,1
20,5,10,10,0,10,30,2
20,5,10,10,0,10,30,3
20,5,10,10,0,10,30,4
20,5,10,10,0,10,30,5
20,5,10,10,0,10,30,6
20,5,10,10,0,10,30,7
20,5,10,10,0,10,30,8
20,5,10,10,0,10,30,9
20,5,10,10,0,10,30,10
20,5,10,10,0,10,30,11
20,5,10,10,0,10,30,12
20,5,10,10,0,10,30,13
20,5,10,10,0,10,30,14
20,5,10,10,0,10,30,15
20,5,10,10,0,10,30,16
20,5,10,10,0,10,30,17
20,5,10,10,0,10,30,18
20,5,10,10,0,10,30,19
20,5,10,10,0,10,30,20
20,5,10,10,0,10,35,1
20,5,10,10,0,10,35,2
20,5,10,10,0,10,35,3
20,5,10,10,0,10,35,4
20,5,10,10,0,10,35,5
20,5,10,10,0,10,35,6
20,5,10,10,0,10,35,7
20,5,10,10,0,10,35,8
20,5,10,10,0,10,35,9
20,5,10,10,0,10,35,10
20,5,10,10,0,10,35,11
20,5,10,10,0,10,35,12
20,5,10,10,0,10,35,13
20,5,10,10,0,10,35,14
20,5,10,10,0,10,35,15
20,5,10,10,0,10,35,16
20,5,10,10,0,10,35,17
20,5,10,10,0,10,35,18
20,5,10,10,0,10,35,19
20,5,10,10,0,10,35,20
20,5,10,10,0,10,40,1
20,5,10,10,0,10,40,2
20,5,10,10,0,10,40,3
20,5,10,10,0,10,40,4
20,5,10,10,0,10,40,5
20,5,10,10,0,10,40,6
20,5,10,10,0,10,40,7
20,5,10,10,0,10,40,8
20,5,10,10,0,10,40,9
20,5,10,10,0,10,40,10
20,5,10,10,0,10,40,11
20,5,10,10,0,10,40,12
20,5,10,10,0,10,40,13
20,5,10,10,0,10,40,14
20,5,10,10,0,10,40,15
20,5,10,10,0,10,40,16
20,5,10,10,0,10,40,17
20,5,10,10,0,10,40,18
20,5,10,10,0,10,40,19
20,5,10,10,0,10,40,20
20,5,10,10,0,15,5,1
20,5,10,10,0,15,5,2
20,5,10,10,0,15,5,3
20,5,10,10,0,15,5,4
20,5,10,10,0,15,5,5
20,5,10,10,0,15,5,6
20,5,10,10,0,15,5,7
20,5,10,10,0,15,5,8
20,5,10,10,0,15,5,9
20,5,10,10,0,15,5,10
20,5,10,10,0,15,5,11
20,5,10,10,0,15,5,12
20,5,10,10,0,15,5,13
20,5,10,10,0,15,5,14
20,5,10,10,0,15,5,15
20,5,10,10,0,15,5,16
20,5,10,10,0,15,5,17
20,5,10,10,0,15,5,18
20,5,10,10,0,15,5,19
20,5,10,10,0,15,5,20
20,5,10,10,0,15,10,1
20,5,10,10,0,15,10,2
20,5,10,10,0,15,10,3
20,5,10,10,0,15,10,4
20,5,10,10,0,15,10,5
20,5,10,10,0,15,10,6
20,5,10,10,0,15,10,7
20,5,10,10,0,15,10,8
20,5,10,10,0,15,10,9
20,5,10,10,0,15,10,10
20,5,10,10,0,15,10,11
20,5,10,10,0,15,10,12
20,5,10,10,0,15,10,13
20,5,10,10,0,15,10,14
20,5,10,10,0,15,10,15
20,5,10,10,0,15,10,16
20,5,10,10,0,15,10,17
20,5,10,10,0,15,10,18
20,5,10,10,0,15,10,19
20,5,10,10,0,15,10,20
20,5,10,10,0,15,15,1
20,5,10,10,0,15,15,2
20,5,10,10,0,15,15,3
20,5,10,10,0,15,15,4
20,5,10,10,0,15,15,5
20,5,10,10,0,15,15,6
20,5,10,10,0,15,15,7
20,5,10,10,0,15,15,8
20,5,10,10,0,15,15,9
20,5,10,10,0,15,15,10
20,5,10,10,0,15,15,11
20,5,10,10,0,15,15,12
20,5,10,10,0,15,15,13
20,5,10,10,0,15,15,14
20,5,10,10,0,15,15,15
20,5,10,10,0,15,15,16
20,5,10,10,0,15,15,17
20,5,10,10,0,15,15,18
20,5,10,10,0,15,15,19
20,5,10,10,0,15,15,20
20,5,10,10,0,15,20,1
20,5,10,10,0,15,20,2
20,5,10,10,0,15,20,3
20,5,10,10,0,15,20,4
20,5,10,10,0,15,20,5
20,5,10,10,0,15,20,6
20,5,10,10,0,15,20,7
20,5,10,10,0,15,20,8
20,5,10,10,0,15,20,9
20,5,10,10,0,15,20,10
20,5,10,10,0,15,20,11
20,5,10,10,0,15,20,12
20,5,10,10,0,15,20,13
20,5,10,10,0,15,20,14
20,5,10,10,0,15,20,15
20,5,10,10,0,15,20,16
20,5,10,10,0,15,20,17
20,5,10,10,0,15,20,18
20,5,10,10,0,15,20,19
20,5,10,10,0,15,20,20
20,5,10,10,0,15,25,1
20,5,10,10,0,15,25,2
20,5,10,10,0,15,25,3
20,5,10,10,0,15,25,4
20,5,10,10,0,15,25,5
20,5,10,10,0,15,25,6
20,5,10,10,0,15,25,7
20,5,10,10,0,15,25,8
20,5,10,10,0,15,25,9
20,5,10,10,0,15,25,10
20,5,10,10,0,15,25,11
20,5,10,10,0,15,25,12
20,5,10,10,0,15,25,13
20,5,10,10,0,15,25,14
20,5,10,10,0,15,25,15
20,5,10,10,0,15,25,16
20,5,10,10,0,15,25,17
20,5,10,10,0,15,25,18
20,5,10,10,0,15,25,19
20,5,10,10,0,15,25,20
20,5,10,10,0,15,30,1
20,5,10,10,0,15,30,2
20,5,10,10,0,15,30,3
20,5,10,10,0,15,30,4
20,5,10,10,0,15,30,5
20,5,10,10,0,15,30,6
20,5,10,10,0,15,30,7
20,5,10,10,0,15,30,8
20,5,10,10,0,15,30,9
20,5,10,10,0,15,30,10
20,5,10,10,0,15,30,11
20,5,10,10,0,15,30,12
20,5,10,10,0,15,30,13
20,5,10,10,0,15,30,14
20,5,10,10,0,15,30,15
20,5,10,10,0,15,30,16
20,5,10,10,0,15,30,17
20,5,10,10,0,15,30,18
20,5,10,10,0,15,30,19
20,5,10,10,0,15,30,20
20,5,10,10,0,15,35,1
20,5,10,10,0,15,35,2
20,5,10,10,0,15,35,3
20,5,10,10,0,15,35,4
20,5,10,10,0,15,35,5
20,5,10,10,0,15,35,6
20,5,10,10,0,15,35,7
20,5,10,10,0,15,35,8
20,5,10,10,0,15,35,9
20,5,10,10,0,15,35,10
20,5,10,10,0,15,35,11
20,5,10,10,0,15,35,12
20,5,10,10,0,15,35,13
20,5,10,10,0,15,35,14
20,5,10,10,0,15,35,15
20,5,10,10,0,15,35,16
20,5,10,10,0,15,35,17
20,5,10,10,0,15,35,18
20,5,10,10,0,15,35,19
20,5,10,10,0,15,35,20
20,5,10,10,0,15,40,1
20,5,10,10,0,15,40,2
20,5,10,10,0,15,40,3
20,5,10,10,0,15,40,4
20,5,10,10,0,15,40,5
20,5,10,10,0,15,40,6
20,5,10,10,0,15,40,7
20,5,10,10,0,15,40,8
20,5,10,10,0,15,40,9
20,5,10,10,0,15,40,10
20,5,10,10,0,15,40,11
20,5,10,10,0,15,40,12
20,5,10,10,0,15,40,13
20,5,10,10,0,15,40,14
20,5,10,10,0,15,40,15
20,5,10,10,0,15,40,16
20,5,10,10,0,15,40,17
20,5,10,10,0,15,40,18
20,5,10,10,0,15,40,19
20,5,10,10,0,15,40,20
20,5,10,10,0,20,5,1
20,5,10,10,0,20,5,2
20,5,10,10,0,20,5,3
20,5,10,10,0,20,5,4
20,5,10,10,0,20,5,5
20,5,10,10,0,20,5,6
20,5,10,10,0,20,5,7
20,5,10,10,0,20,5,8
20,5,10,10,0,20,5,9
20,5,10,10,0,20,5,10
20,5,10,10,0,20,5,11
20,5,10,10,0,20,5,12
20,5,10,10,0,20,5,13
20,5,10,10,0,20,5,14
20,5,10,10,0,20,5,15
20,5,10,10,0,20,5,16
20,5,10,10,0,20,5,17
20,5,10,10,0,20,5,18
20,5,10,10,0,20,5,19
20,5,10,10,0,20,5,20
20,5,10,10,0,20,10,1
20,5,10,10,0,20,10,2
20,5,10,10,0,20,10,3
20,5,10,10,0,20,10,4
20,5,10,10,0,20,10,5
20,5,10,10,0,20,10,6
20,5,10,10,0,20,10,7
20,5,10,10,0,20,10,8
20,5,10,10,0,20,10,9
20,5,10,10,0,20,10,10
20,5,10,10,0,20,10,11
20,5,10,10,0,20,10,12
20,5,10,10,0,20,10,13
20,5,10,10,0,20,10,14
20,5,10,10,0,20,10,15
20,5,10,10,0,20,10,16
20,5,10,10,0,20,10,17
20,5,10,10,0,20,10,18
20,5,10,10,0,20,10,19
20,5,10,10,0,20,10,20
20,5,10,10,0,20,15,1
20,5,10,10,0,20,15,2
20,5,10,10,0,20,15,3
20,5,10,10,0,20,15,4
20,5,10,10,0,20,15,5
20,5,10,10,0,20,15,6
20,5,10,10,0,20,15,7
20,5,10,10,0,20,15,8
20,5,10,10,0,20,15,9
20,5,10,10,0,20,15,10
20,5,10,10,0,20,15,11
20,5,10,10,0,20,15,12
20,5,10,10,0,20,15,13
20,5,10,10,0,20,15,14
20,5,10,10,0,20,15,15
20,5,10,10,0,20,15,16
20,5,10,10,0,20,15,17
20,5,10,10,0,20,15,18
20,5,10,10,0,20,15,19
20,5,10,10,0,20,15,20
20,5,10,10,0,20,20,1
20,5,10,10,0,20,20,2
20,5,10,10,0,20,20,3
20,5,10,10,0,20,20,4
20,5,10,10,0,20,20,5
20,5,10,10,0,20,20,6
20,5,10,10,0,20,20,7
20,5,10,10,0,20,20,8
20,5,10,10,0,20,20,9
20,5,10,10,0,20,20,10
20,5,10,10,0,20,20,11
20,5,10,10,0,20,20,12
20,5,10,10,0,20,20,13
20,5,10,10,0,20,20,14
20,5,10,10,0,20,20,15
20,5,10,10,0,20,20,16
20,5,10,10,0,20,20,17
20,5,10,10,0,20,20,18
20,5,10,10,0,20,20,19
20,5,10,10,0,20,20,20
20,5,10,10,0,20,25,1
20,5,10,10,0,20,25,2
20,5,10,10,0,20,25,3
20,5,10,10,0,20,25,4
20,5,10,10,0,20,25,5
20,5,10,10,0,20,25,6
20,5,10,10,0,20,25,7
20,5,10,10,0,20,25,8
20,5,10,10,0,20,25,9
20,5,10,10,0,20,25,10
20,5,10,10,0,20,25,11
20,5,10,10,0,20,25,12
20,5,10,10,0,20,25,13
20,5,10,10,0,20,25,14
20,5,10,10,0,20,25,15
20,5,10,10,0,20,25,16
20,5,10,10,0,20,25,17
20,5,10,10,0,20,25,18
20,5,10,10,0,20,25,19
20,5,10,10,0,20,25,20
20,5,10,10,0,20,30,1
20,5,10,10,0,20,30,2
20,5,10,10,0,20,30,3
20,5,10,10,0,20,30,4
20,5,10,10,0,20,30,5
20,5,10,10,0,20,30,6
20,5,10,10,0,20,30,7
20,5,10,10,0,20,30,8
20,5,10,10,0,20,30,9
20,5,10,10,0,20,30,10
20,5,10,10,0,20,30,11
20,5,10,10,0,20,30,12
20,5,10,10,0,20,30,13
20,5,10,10,0,20,30,14
20,5,10,10,0,20,30,15
20,5,10,10,0,20,30,16
20,5,10,10,0,20,30,17
20,5,10,10,0,20,30,18
20,5,10,10,0,20,30,19
20,5,10,10,0,20,30,20
20,5,10,10,0,20,35,1
20,5,10,10,0,20,35,2
20,5,10,10,0,20,35,3
20,5,10,10,0,20,35,4
20,5,10,10,0,20,35,5
20,5,10,10,0,20,35,6
20,5,10,10,0,20,35,7
20,5,10,10,0,20,35,8
20,5,10,10,0,20,35,9
20,5,10,10,0,20,35,10
20,5,10,10,0,20,35,11
20,5,10,10,0,20,35,12
20,5,10,10,0,20,35,13
20,5,10,10,0,20,35,14
20,5,10,10,0,20,35,15
20,5,10,10,0,20,35,16
20,5,10,10,0,20,35,17
20,5,10,10,0,20,35,18
20,5,10,10,0,20,35,19
20,5,10,10,0,20,35,20
20,5,10,10,0,20,40,1
20,5,10,10,0,20,40,2
20,5,10,10,0,20,40,3
20,5,10,10,0,20,40,4
20,5,10,10,0,20,40,5
20,5,10,10,0,20,40,6
20,5,10,10,0,20,40,7
20,5,10,10,0,20,40,8
20,5,10,10,0,20,40,9
20,5,10,10,0,20,40,10
20,5,10,10,0,20,40,11
20,5,10,10,0,20,40,12
20,5,10,10,0,20,40,13
20,5,10,10,0,20,40,14
20,5,10,10,0,20,40,15
20,5,10,10,0,20,40,16
20,5,10,10,0,20,40,17
20,5,10,10,0,20,40,18
20,5,10,10,0,20,40,19
20,5,10,10,0,20,40,20
20,5,10,10,0,25,5,1
20,5,10,10,0,25,5,2
20,5,10,10,0,25,5,3
20,5,10,10,0,25,5,4
20,5,10,10,0,25,5,5
20,5,10,10,0,25,5,6
20,5,10,10,0,25,5,7
20,5,10,10,0,25,5,8
20,5,10,10,0,25,5,9
20,5,10,10,0,25,5,10
20,5,10,10,0,25,5,11
20,5,10,10,0,25,5,12
20,5,10,10,0,25,5,13
20,5,10,10,0,25,5,14
20,5,10,10,0,25,5,15
20,5,10,10,0,25,5,16
20,5,10,10,0,25,5,17
20,5,10,10,0,25,5,18
20,5,10,10,0,25,5,19
20,5,10,10,0,25,5,20
20,5,10,10,0,25,10,1
20,5,10,10,0,25,10,2
20,5,10,10,0,25,10,3
20,5,10,10,0,25,10,4
20,5,10,10,0,25,10,5
20,5,10,10,0,25,10,6
20,5,10,10,0,25,10,7
20,5,10,10,0,25,10,8
20,5,10,10,0,25,10,9
20,5,10,10,0,25,10,10
20,5,10,10,0,25,10,11
20,5,10,10,0,25,10,12
20,5,10,10,0,25,10,13
20,5,10,10,0,25,10,14
20,5,10,10,0,25,10,15
20,5,10,10,0,25,10,16
20,5,10,10,0,25,10,17
20,5,10,10,0,25,10,18
20,5,10,10,0,25,10,19
20,5,10,10,0,25,10,20
20,5,10,10,0,25,15,1
20,5,10,10,0,25,15,2
20,5,10,10,0,25,15,3
20,5,10,10,0,25,15,4
20,5,10,10,0,25,15,5
20,5,10,10,0,25,15,6
20,5,10,10,0,25,15,7
20,5,10,10,0,25,15,8
20,5,10,10,0,25,15,9
20,5,10,10,0,25,15,10
20,5,10,10,0,25,15,11
20,5,10,10,0,25,15,12
20,5,10,10,0,25,15,13
20,5,10,10,0,25,15,14
20,5,10,10,0,25,15,15
20,5,10,10,0,25,15,16
20,5,10,10,0,25,15,17
20,5,10,10,0,25,15,18
20,5,10,10,0,25,15,19
20,5,10,10,0,25,15,20
20,5,10,10,0,25,20,1
20,5,10,10,0,25,20,2
20,5,10,10,0,25,20,3
20,5,10,10,0,25,20,4
20,5,10,10,0,25,20,5
20,5,10,10,0,25,20,6
20,5,10,10,0,25,20,7
20,5,10,10,0,25,20,8
20,5,10,10,0,25,20,9
20,5,10,10,0,25,20,10
20,5,10,10,0,25,20,11
20,5,10,10,0,25,20,12
20,5,10,10,0,25,20,13
20,5,10,10,0,25,20,14
20,5,10,10,0,25,20,15
20,5,10,10,0,25,20,16
20,5,10,10,0,25,20,17
20,5,10,10,0,25,20,18
20,5,10,10,0,25,20,19
20,5,10,10,0,25,20,20
20,5,10,10,0,25,25,1
20,5,10,10,0,25,25,2
20,5,10,10,0,25,25,3
20,5,10,10,0,25,25,4
20,5,10,10,0,25,25,5
20,5,10,10,0,25,25,6
20,5,10,10,0,25,25,7
20,5,10,10,0,25,25,8
20,5,10,10,0,25,25,9
20,5,10,10,0,25,25,10
20,5,10,10,0,25,25,11
20,5,10,10,0,25,25,12
20,5,10,10,0,25,25,13
20,5,10,10,0,25,25,14
20,5,10,10,0,25,25,15
20,5,10,10,0,25,25,16
20,5,10,10,0,25,25,17
20,5,10,10,0,25,25,18
20,5,10,10,0,25,25,19
20,5,10,10,0,25,25,20
20,5,10,10,0,25,30,1
20,5,10,10,0,25,30,2
20,5,10,10,0,25,30,3
20,5,10,10,0,25,30,4
20,5,10,10,0,25,30,5
20,5,10,10,0,25,30,6
20,5,10,10,0,25,30,7
20,5,10,10,0,25,30,8
20,5,10,10,0,25,30,9
20,5,10,10,0,25,30,10
20,5,10,10,0,25,30,11
20,5,10,10,0,25,30,12
20,5,10,10,0,25,30,13
20,5,10,10,0,25,30,14
20,5,10,10,0,25,30,15
20,5,10,10,0,25,30,16
20,5,10,10,0,25,30,17
20,5,10,10,0,25,30,18
20,5,10,10,0,25,30,19
20,5,10,10,0,25,30,20
20,5,10,10,0,25,35,1
20,5,10,10,0,25,35,2
20,5,10,10,0,25,35,3
20,5,10,10,0,25,35,4
20,5,10,10,0,25,35,5
20,5,10,10,0,25,35,6
20,5,10,10,0,25,35,7
20,5,10,10,0,25,35,8
20,5,10,10,0,25,35,9
20,5,10,10,0,25,35,10
20,5,10,10,0,25,35,11
20,5,10,10,0,25,35,12
20,5,10,10,0,25,35,13
20,5,10,10,0,25,35,14
20,5,10,10,0,25,35,15
20,5,10,10,0,25,35,16
20,5,10,10,0,25,35,17
20,5,10,10,0,25,35,18
20,5,10,10,0,25,35,19
20,5,10,10,0,25,35,20
20,5,10,10,0,25,40,1
20,5,10,10,0,25,40,2
20,5,10,10,0,25,40,3
20,5,10,10,0,25,40,4
20,5,10,10,0,25,40,5
20,5,10,10,0,25,40,6
20,5,10,10,0,25,40,7
20,5,10,10,0,25,40,8
20,5,10,10,0,25,40,9
20,5,10,10,0,25,40,10
20,5,10,10,0,25,40,11
20,5,10,10,0,25,40,12
20,5,10,10,0,25,40,13
20,5,10,10,0,25,40,14
20,5,10,10,0,25,40,15
20,5,10,10,0,25,40,16
20,5,10,10,0,25,40,17
20,5,10,10,0,25,40,18
20,5,10,10,0,25,40,19
20,5,10,10,0,25,40,20
20,5,10,10,0,30,5,1
20,5,10,10,0,30,5,2
20,5,10,10,0,30,5,3
20,5,10,10,0,30,5,4
20,5,10,10,0,30,5,5
20,5,10,10,0,30,5,6
20,5,10,10,0,30,5,7
20,5,10,10,0,30,5,8
20,5,10,10,0,30,5,9
20,5,10,10,0,30,5,10
20,5,10,10,0,30,5,11
20,5,10,10,0,30,5,12
20,5,10,10,0,30,5,13
20,5,10,10,0,30,5,14
20,5,10,10,0,30,5,15
20,5,10,10,0,30,5,16
20,5,10,10,0,30,5,17
20,5,10,10,0,30,5,18
20,5,10,10,0,30,5,19
20,5,10,10,0,30,5,20
20,5,10,10,0,30,10,1
20,5,10,10,0,30,10,2
20,5,10,10,0,30,10,3
20,5,10,10,0,30,10,4
20,5,10,10,0,30,10,5
20,5,10,10,0,30,10,6
20,5,10,10,0,30,10,7
20,5,10,10,0,30,10,8
20,5,10,10,0,30,10,9
20,5,10,10,0,30,10,10
20,5,10,10,0,30,10,11
20,5,10,10,0,30,10,12
20,5,10,10,0,30,10,13
20,5,10,10,0,30,10,14
20,5,10,10,0,30,10,15
20,5,10,10,0,30,10,16
20,5,10,10,0,30,10,17
20,5,10,10,0,30,10,18
20,5,10,10,0,30,10,19
20,5,10,10,0,30,10,20
20,5,10,10,0,30,15,1
20,5,10,10,0,30,15,2
20,5,10,10,0,30,15,3
20,5,10,10,0,30,15,4
20,5,10,10,0,30,15,5
20,5,10,10,0,30,15,6
20,5,10,10,0,30,15,7
20,5,10,10,0,30,15,8
20,5,10,10,0,30,15,9
20,5,10,10,0,30,15,10
20,5,10,10,0,30,15,11
20,5,10,10,0,30,15,12
20,5,10,10,0,30,15,13
20,5,10,10,0,30,15,14
20,5,10,10,0,30,15,15
20,5,10,10,0,30,15,16
20,5,10,10,0,30,15,17
20,5,10,10,0,30,15,18
20,5,10,10,0,30,15,19
20,5,10,10,0,30,15,20
20,5,10,10,0,30,20,1
20,5,10,10,0,30,20,2
20,5,10,10,0,30,20,3
20,5,10,10,0,30,20,4
20,5,10,10,0,30,20,5
20,5,10,10,0,30,20,6
20,5,10,10,0,30,20,7
20,5,10,10,0,30,20,8
20,5,10,10,0,30,20,9
20,5,10,10,0,30,20,10
20,5,10,10,0,30,20,11
20,5,10,10,0,30,20,12
20,5,10,10,0,30,20,13
20,5,10,10,0,30,20,14
20,5,10,10,0,30,20,15
20,5,10,10,0,30,20,16
20,5,10,10,0,30,20,17
20,5,10,10,0,30,20,18
20,5,10,10,0,30,20,19
20,5,10,10,0,30,20,20
20,5,10,10,0,30,25,1
20,5,10,10,0,30,25,2
20,5,10,10,0,30,25,3
20,5,10,10,0,30,25,4
20,5,10,10,0,30,25,5
20,5,10,10,0,30,25,6
20,5,10,10,0,30,25,7
20,5,10,10,0,30,25,8
20,5,10,10,0,30,25,9
20,5,10,10,0,30,25,10
20,5,10,10,0,30,25,11
20,5,10,10,0,30,25,12
20,5,10,10,0,30,25,13
20,5,10,10,0,30,25,14
20,5,10,10,0,30,25,15
20,5,10,10,0,30,25,16
20,5,10,10,0,30,25,17
20,5,10,10,0,30,25,18
20,5,10,10,0,30,25,19
20,5,10,10,0,30,25,20
20,5,10,10,0,30,30,1
20,5,10,10,0,30,30,2
20,5,10,10,0,30,30,3
20,5,10,10,0,30,30,4
20,5,10,10,0,30,30,5
20,5,10,10,0,30,30,6
20,5,10,10,0,30,30,7
20,5,10,10,0,30,30,8
20,5,10,10,0,30,30,9
20,5,10,10,0,30,30,10
20,5,10,10,0,30,30,11
20,5,10,10,0,30,30,12
20,5,10,10,0,30,30,13
20,5,10,10,0,30,30,14
20,5,10,10,0,30,30,15
20,5,10,10,0,30,30,16
20,5,10,10,0,30,30,17
20,5,10,10,0,30,30,18
20,5,10,10,0,30,30,19
20,5,10,10,0,30,30,20
20,5,10,10,0,30,35,1
20,5,10,10,0,30,35,2
20,5,10,10,0,30,35,3
20,5,10,10,0,30,35,4
20,5,10,10,0,30,35,5
20,5,10,10,0,30,35,6
20,5,10,10,0,30,35,7
20,5,10,10,0,30,35,8
20,5,10,10,0,30,35,9
20,5,10,10,0,30,35,10
20,5,10,10,0,30,35,11
20,5,10,10,0,30,35,12
20,5,10,10,0,30,35,13
20,5,10,10,0,30,35,14
20,5,10,10,0,30,35,15
20,5,10,10,0,30,35,16
20,5,10,10,0,30,35,17
20,5,10,10,0,30,35,18
20,5,10,10,0,30,35,19
20,5,10,10,0,30,35,20
20,5,10,10,0,30,40,1
20,5,10,10,0,30,40,2
20,5,10,10,0,30,40,3
20,5,10,10,0,30,40,4
20,5,10,10,0,30,40,5
20,5,10,10,0,30,40,6
20,5,10,10,0,30,40,7
20,5,10,10,0,30,40,8
20,5,10,10,0,30,40,9
20,5,10,10,0,30,40,10
20,5,10,10,0,30,40,11
20,5,10,10,0,30,40,12
20,5,10,10,0,30,40,13
20,5,10,10,0,30,40,14
20,5,10,10,0,30,40,15
20,5,10,10,0,30,40,16
20,5,10,10,0,30,40,17
20,5,10,10,0,30,40,18
20,5,10,10,0,30,40,19
20,5,10,10,0,30,40,20
20,5,10,10,0,35,5,1
20,5,10,10,0,35,5,2
20,5,10,10,0,35,5,3
20,5,10,10,0,35,5,4
20,5,10,10,0,35,5,5
20,5,10,10,0,35,5,6
20,5,10,10,0,35,5,7
20,5,10,10,0,35,5,8
20,5,10,10,0,35,5,9
20,5,10,10,0,35,5,10
20,5,10,10,0,35,5,11
20,5,10,10,0,35,5,12
20,5,10,10,0,35,5,13
20,5,10,10,0,35,5,14
20,5,10,10,0,35,5,15
20,5,10,10,0,35,5,16
20,5,10,10,0,35,5,17
20,5,10,10,0,35,5,18
20,5,10,10,0,35,5,19
20,5,10,10,0,35,5,20
20,5,10,10,0,35,10,1
20,5,10,10,0,35,10,2
20,5,10,10,0,35,10,3
20,5,10,10,0,35,10,4
20,5,10,10,0,35,10,5
20,5,10,10,0,35,10,6
20,5,10,10,0,35,10,7
20,5,10,10,0,35,10,8
20,5,10,10,0,35,10,9
20,5,10,10,0,35,10,10
20,5,10,10,0,35,10,11
20,5,10,10,0,35,10,12
20,5,10,10,0,35,10,13
20,5,10,10,0,35,10,14
20,5,10,10,0,35,10,15
20,5,10,10,0,35,10,16
20,5,10,10,0,35,10,17
20,5,10,10,0,35,10,18
20,5,10,10,0,35,10,19
20,5,10,10,0,35,10,20
20,5,10,10,0,35,15,1
20,5,10,10,0,35,15,2
20,5,10,10,0,35,15,3
20,5,10,10,0,35,15,4
20,5,10,10,0,35,15,5
20,5,10,10,0,35,15,6
20,5,10,10,0,35,15,7
20,5,10,10,0,35,15,8
20,5,10,10,0,35,15,9
20,5,10,10,0,35,15,10
20,5,10,10,0,35,15,11
20,5,10,10,0,35,15,12
20,5,10,10,0,35,15,13
20,5,10,10,0,35,15,14
20,5,10,10,0,35,15,15
20,5,10,10,0,35,15,16
20,5,10,10,0,35,15,17
20,5,10,10,0,35,15,18
20,5,10,10,0,35,15,19
20,5,10,10,0,35,15,20
20,5,10,10,0,35,20,1
20,5,10,10,0,35,20,2
20,5,10,10,0,35,20,3
20,5,10,10,0,35,20,4
20,5,10,10,0,35,20,5
20,5,10,10,0,35,20,6
20,5,10,10,0,35,20,7
20,5,10,10,0,35,20,8
20,5,10,10,0,35,20,9
20,5,10,10,0,35,20,10
20,5,10,10,0,35,20,11
20,5,10,10,0,35,20,12
20,5,10,10,0,35,20,13
20,5,10,10,0,35,20,14
20,5,10,10,0,35,20,15
20,5,10,10,0,35,20,16
20,5,10,10,0,35,20,17
20,5,10,10,0,35,20,18
20,5,10,10,0,35,20,19
20,5,10,10,0,35,20,20
20,5,10,10,0,35,25,1
20,5,10,10,0,35,25,2
20,5,10,10,0,35,25,3
20,5,10,10,0,35,25,4
20,5,10,10,0,35,25,5
20,5,10,10,0,35,25,6
20,5,10,10,0,35,25,7
20,5,10,10,0,35,25,8
20,5,10,10,0,35,25,9
20,5,10,10,0,35,25,10
20,5,10,10,0,35,25,11
20,5,10,10,0,35,25,12
20,5,10,10,0,35,25,13
20,5,10,10,0,35,25,14
20,5,10,10,0,35,25,15
20,5,10,10,0,35,25,16
20,5,10,10,0,35,25,17
20,5,10,10,0,35,25,18
20,5,10,10,0,35,25,19
20,5,10,10,0,35,25,20
20,5,10,10,0,35,30,1
20,5,10,10,0,35,30,2
20,5,10,10,0,35,30,3
20,5,10,10,0,35,30,4
20,5,10,10,0,35,30,5
20,5,10,10,0,35,30,6
20,5,10,10,0,35,30,7
20,5,10,10,0,35,30,8
20,5,10,10,0,35,30,9
20,5,10,10,0,35,30,10
20,5,10,10,0,35,30,11
20,5,10,10,0,35,30,12
20,5,10,10,0,35,30,13
20,5,10,10,0,35,30,14
20,5,10,10,0,35,30,15
20,5,10,10,0,35,30,16
20,5,10,10,0,35,30,17
20,5,10,10,0,35,30,18
20,5,10,10,0,35,30,19
20,5,10,10,0,35,30,20
20,5,10,10,0,35,35,1
20,5,10,10,0,35,35,2
20,5,10,10,0,35,35,3
20,5,10,10,0,35,35,4
20,5,10,10,0,35,35,5
20,5,10,10,0,35,35,6
20,5,10,10,0,35,35,7
20,5,10,10,0,35,35,8
20,5,10,10,0,35,35,9
20,5,10,10,0,35,35,10
20,5,10,10,0,35,35,11
20,5,10,10,0,35,35,12
20,5,10,10,0,35,35,13
20,5,10,10,0,35,35,14
20,5,10,10,0,35,35,15
20,5,10,10,0,35,35,16
20,5,10,10,0,35,35,17
20,5,10,10,0,35,35,18
20,5,10,10,0,35,35,19
20,5,10,10,0,35,35,20
20,5,10,10,0,35,40,1
20,5,10,10,0,35,40,2
20,5,10,10,0,35,40,3
20,5,10,10,0,35,40,4
20,5,10,10,0,35,40,5
20,5,10,10,0,35,40,6
20,5,10,10,0,35,40,7
20,5,10,10,0,35,40,8
20,5,10,10,0,35,40,9
20,5,10,10,0,35,40,10
20,5,10,10,0,35,40,11
20,5,10,10,0,35,40,12
20,5,10,10,0,35,40,13
20,5,10,10,0,35,40,14
20,5,10,10,0,35,40,15
20,5,10,10,0,35,40,16
20,5,10,10,0,35,40,17
20,5,10,10,0,35,40,18
20,5,10,10,0,35,40,19
20,5,10,10,0,35,40,20
20,5,10,10,0,40,5,1
20,5,10,10,0,40,5,2
20,5,10,10,0,40,5,3
20,5,10,10,0,40,5,4
20,5,10,10,0,40,5,5
20,5,10,10,0,40,5,6
20,5,10,10,0,40,5,7
20,5,10,10,0,40,5,8
20,5,10,10,0,40,5,9
20,5,10,10,0,40,5,10
20,5,10,10,0,40,5,11
20,5,10,10,0,40,5,12
20,5,10,10,0,40,5,13
20,5,10,10,0,40,5,14
20,5,10,10,0,40,5,15
20,5,10,10,0,40,5,16
20,5,10,10,0,40,5,17
20,5,10,10,0,40,5,18
20,5,10,10,0,40,5,19
20,5,10,10,0,40,5,20
20,5,10,10,0,40,10,1
20,5,10,10,0,40,10,2
20,5,10,10,0,40,10,3
20,5,10,10,0,40,10,4
20,5,10,10,0,40,10,5
20,5,10,10,0,40,10,6
20,5,10,10,0,40,10,7
20,5,10,10,0,40,10,8
20,5,10,10,0,40,10,9
20,5,10,10,0,40,10,10
20,5,10,10,0,40,10,11
20,5,10,10,0,40,10,12
20,5,10,10,0,40,10,13
20,5,10,10,0,40,10,14
20,5,10,10,0,40,10,15
20,5,10,10,0,40,10,16
20,5,10,10,0,40,10,17
20,5,10,10,0,40,10,18
20,5,10,10,0,40,10,19
20,5,10,10,0,40,10,20
20,5,10,10,0,40,15,1
20,5,10,10,0,40,15,2
20,5,10,10,0,40,15,3
20,5,10,10,0,40,15,4
20,5,10,10,0,40,15,5
20,5,10,10,0,40,15,6
20,5,10,10,0,40,15,7
20,5,10,10,0,40,15,8
20,5,10,10,0,40,15,9
20,5,10,10,0,40,15,10
20,5,10,10,0,40,15,11
20,5,10,10,0,40,15,12
20,5,10,10,0,40,15,13
20,5,10,10,0,40,15,14
20,5,10,10,0,40,15,15
20,5,10,10,0,40,15,16
20,5,10,10,0,40,15,17
20,5,10,10,0,40,15,18
20,5,10,10,0,40,15,19
20,5,10,10,0,40,15,20
20,5,10,10,0,40,20,1
20,5,10,10,0,40,20,2
20,5,10,10,0,40,20,3
20,5,10,10,0,40,20,4
20,5,10,10,0,40,20,5
20,5,10,10,0,40,20,6
20,5,10,10,0,40,20,7
20,5,10,10,0,40,20,8
20,5,10,10,0,40,20,9
20,5,10,10,0,40,20,10
20,5,10,10,0,40,20,11
20,5,10,10,0,40,20,12
20,5,10,10,0,40,20,13
20,5,10,10,0,40,20,14
20,5,10,10,0,40,20,15
20,5,10,10,0,40,20,16
20,5,10,10,0,40,20,17
20,5,10,10,0,40,20,18
20,5,10,10,0,40,20,19
20,5,10,10,0,40,20,20
20,5,10,10,0,40,25,1
20,5,10,10,0,40,25,2
20,5,10,10,0,40,25,3
20,5,10,10,0,40,25,4
20,5,10,10,0,40,25,5
20,5,10,10,0,40,25,6
20,5,10,10,0,40,25,7
20,5,10,10,0,40,25,8
20,5,10,10,0,40,25,9
20,5,10,10,0,40,25,10
20,5,10,10,0,40,25,11
20,5,10,10,0,40,25,12
20,5,10,10,0,40,25,13
20,5,10,10,0,40,25,14
20,5,10,10,0,40,25,15
20,5,10,10,0,40,25,16
20,5,10,10,0,40,25,17
20,5,10,10,0,40,25,18
20,5,10,10,0,40,25,19
20,5,10,10,0,40,25,20
20,5,10,10,0,40,30,1
20,5,10,10,0,40,30,2
20,5,10,10,0,40,30,3
20,5,10,10,0,40,30,4
20,5,10,10,0,40,30,5
20,5,10,10,0,40,30,6
20,5,10,10,0,40,30,7
20,5,10,10,0,40,30,8
20,5,10,10,0,40,30,9
20,5,10,10,0,40,30,10
20,5,10,10,0,40,30,11
20,5,10,10,0,40,30,12
20,5,10,10,0,40,30,13
20,5,10,10,0,40,30,14
20,5,10,10,0,40,30,15
20,5,10,10,0,40,30,16
20,5,10,10,0,40,30,17
20,5,10,10,0,40,30,18
20,5,10,10,0,40,30,19
20,5,10,10,0,40,30,20
20,5,10,10,0,40,35,1
20,5,10,10,0,40,35,2
20,5,10,10,0,40,35,3
20,5,10,10,0,40,35,4
20,5,10,10,0,40,35,5
20,5,10,10,0,40,35,6
20,5,10,10,0,40,35,7
20,5,10,10,0,40,35,8
20,5,10,10,0,40,35,9
20,5,10,10,0,40,35,10
20,5,10,10,0,40,35,11
20,5,10,10,0,40,35,12
20,5,10,10,0,40,35,13
20,5,10,10,0,40,35,14
20,5,10,10,0,40,35,15
20,5,10,10,0,40,35,16
20,5,10,10,0,40,35,17
20,5,10,10,0,40,35,18
20,5,10,10,0,40,35,19
20,5,10,10,0,40,35,20
20,5,10,10,0,40,40,1
20,5,10,10,0,40,40,2
20,5,10,10,0,40,40,3
20,5,10,10,0,40,40,4
20,5,10,10,0,40,40,5
20,5,10,10,0,40,40,6
20,5,10,10,0,40,40,7
20,5,10,10,0,40,40,8
20,5,10,10,0,40,40,9
20,5,10,10,0,40,40,10
20,5,10,10,0,40,40,11
20,5,10,10,0,40,40,12
20,5,10,10,0,40,40,13
20,5,10,10,0,40,40,14
20,5,10,10,0,40,40,15
20,5,10,10,0,40,40,16
20,5,10,10,0,40,40,17
20,5,10,10,0,40,40,18
20,5,10,10,0,40,40,19
20,5,10,10,0,40,40,20
20,5,10,10,0,45,5,1
20,5,10,10,0,45,5,2
20,5,10,10,0,45,5,3
20,5,10,10,0,45,5,4
20,5,10,10,0,45,5,5
20,5,10,10,0,45,5,6
20,5,10,10,0,45,5,7
20,5,10,10,0,45,5,8
20,5,10,10,0,45,5,9
20,5,10,10,0,45,5,10
20,5,10,10,0,45,5,11
20,5,10,10,0,45,5,12
20,5,10,10,0,45,5,13
20,5,10,10,0,45,5,14
20,5,10,10,0,45,5,15
20,5,10,10,0,45,5,16
20,5,10,10,0,45,5,17
20,5,10,10,0,45,5,18
20,5,10,10,0,45,5,19
20,5,10,10,0,45,5,20
20,5,10,10,0,45,10,1
20,5,10,10,0,45,10,2
20,5,10,10,0,45,10,3
20,5,10,10,0,45,10,4
20,5,10,10,0,45,10,5
20,5,10,10,0,45,10,6
20,5,10,10,0,45,10,7
20,5,10,10,0,45,10,8
20,5,10,10,0,45,10,9
20,5,10,10,0,45,10,10
20,5,10,10,0,45,10,11
20,5,10,10,0,45,10,12
20,5,10,10,0,45,10,13
20,5,10,10,0,45,10,14
20,5,10,10,0,45,10,15
20,5,10,10,0,45,10,16
20,5,10,10,0,45,10,17
20,5,10,10,0,45,10,18
20,5,10,10,0,45,10,19
20,5,10,10,0,45,10,20
20,5,10,10,0,45,15,1
20,5,10,10,0,45,15,2
20,5,10,10,0,45,15,3
20,5,10,10,0,45,15,4
20,5,10,10,0,45,15,5
20,5,10,10,0,45,15,6
20,5,10,10,0,45,15,7
20,5,10,10,0,45,15,8
20,5,10,10,0,45,15,9
20,5,10,10,0,45,15,10
20,5,10,10,0,45,15,11
20,5,10,10,0,45,15,12
20,5,10,10,0,45,15,13
20,5,10,10,0,45,15,14
20,5,10,10,0,45,15,15
20,5,10,10,0,45,15,16
20,5,10,10,0,45,15,17
20,5,10,10,0,45,15,18
20,5,10,10,0,45,15,19
20,5,10,10,0,45,15,20
20,5,10,10,0,45,20,1
20,5,10,10,0,45,20,2
20,5,10,10,0,45,20,3
20,5,10,10,0,45,20,4
20,5,10,10,0,45,20,5
20,5,10,10,0,45,20,6
20,5,10,10,0,45,20,7
20,5,10,10,0,45,20,8
20,5,10,10,0,45,20,9
20,5,10,10,0,45,20,10
20,5,10,10,0,45,20,11
20,5,10,10,0,45,20,12
20,5,10,10,0,45,20,13
20,5,10,10,0,45,20,14
20,5,10,10,0,45,20,15
20,5,10,10,0,45,20,16
20,5,10,10,0,45,20,17
20,5,10,10,0,45,20,18
20,5,10,10,0,45,20,19
20,5,10,10,0,45,20,20
20,5,10,10,0,45,25,1
20,5,10,10,0,45,25,2
20,5,10,10,0,45,25,3
20,5,10,10,0,45,25,4
20,5,10,10,0,45,25,5
20,5,10,10,0,45,25,6
20,5,10,10,0,45,25,7
20,5,10,10,0,45,25,8
20,5,10,10,0,45,25,9
20,5,10,10,0,45,25,10
20,5,10,10,0,45,25,11
20,5,10,10,0,45,25,12
20,5,10,10,0,45,25,13
20,5,10,10,0,45,25,14
20,5,10,10,0,45,25,15
20,5,10,10,0,45,25,16
20,5,10,10,0,45,25,17
20,5,10,10,0,45,25,18
20,5,10,10,0,45,25,19
20,5,10,10,0,45,25,20
20,5,10,10,0,45,30,1
20,5,10,10,0,45,30,2
20,5,10,10,0,45,30,3
20,5,10,10,0,45,30,4
20,5,10,10,0,45,30,5
20,5,10,10,0,45,30,6
20,5,10,10,0,45,30,7
20,5,10,10,0,45,30,8
20,5,10,10,0,45,30,9
20,5,10,10,0,45,30,10
20,5,10,10,0,45,30,11
20,5,10,10,0,45,30,12
20,5,10,10,0,45,30,13
20,5,10,10,0,45,30,14
20,5,10,10,0,45,30,15
20,5,10,10,0,45,30,16
20,5,10,10,0,45,30,17
20,5,10,10,0,45,30,18
20,5,10,10,0,45,30,19
20,5,10,10,0,45,30,20
20,5,10,10,0,45,35,1
20,5,10,10,0,45,35,2
20,5,10,10,0,45,35,3
20,5,10,10,0,45,35,4
20,5,10,10,0,45,35,5
20,5,10,10,0,45,35,6
20,5,10,10,0,45,35,7
20,5,10,10,0,45,35,8
20,5,10,10,0,45,35,9
20,5,10,10,0,45,35,10
20,5,10,10,0,45,35,11
20,5,10,10,0,45,35,12
20,5,10,10,0,45,35,13
20,5,10,10,0,45,35,14
20,5,10,10,0,45,35,15
20,5,10,10,0,45,35,16
20,5,10,10,0,45,35,17
20,5,10,10,0,45,35,18
20,5,10,10,0,45,35,19
20,5,10,10,0,45,35,20
20,5,10,10,0,45,40,1
20,5,10,10,0,45,40,2
20,5,10,10,0,45,40,3
20,5,10,10,0,45,40,4
20,5,10,10,0,45,40,5
20,5,10,10,0,45,40,6
20,5,10,10,0,45,40,7
20,5,10,10,0,45,40,8
20,5,10,10,0,45,40,9
20,5,10,10,0,45,40,10
20,5,10,10,0,45,40,11
20,5,10,10,0,45,40,12
20,5,10,10,0,45,40,13
20,5,10,10,0,45,40,14
20,5,10,10,0,45,40,15
20,5,10,10,0,45,40,16
20,5,10,10,0,45,40,17
20,5,10,10,0,45,40,18
20,5,10,10,0,45,40,19
20,5,10,10,0,45,40,20
20,5,10,10,0,50,5,1
20,5,10,10,0,50,5,2
20,5,10,10,0,50,5,3
20,5,10,10,0,50,5,4
20,5,10,10,0,50,5,5
20,5,10,10,0,50,5,6
20,5,10,10,0,50,5,7
20,5,10,10,0,50,5,8
20,5,10,10,0,50,5,9
20,5,10,10,0,50,5,10
20,5,10,10,0,50,5,11
20,5,10,10,0,50,5,12
20,5,10,10,0,50,5,13
20,5,10,10,0,50,5,14
20,5,10,10,0,50,5,15
20,5,10,10,0,50,5,16
20,5,10,10,0,50,5,17
20,5,10,10,0,50,5,18
20,5,10,10,0,50,5,19
20,5,10,10,0,50,5,20
20,5,10,10,0,50,10,1
20,5,10,10,0,50,10,2
20,5,10,10,0,50,10,3
20,5,10,10,0,50,10,4
20,5,10,10,0,50,10,5
20,5,10,10,0,50,10,6
20,5,10,10,0,50,10,7
20,5,10,10,0,50,10,8
20,5,10,10,0,50,10,9
20,5,10,10,0,50,10,10
20,5,10,10,0,50,10,11
20,5,10,10,0,50,10,12
20,5,10,10,0,50,10,13
20,5,10,10,0,50,10,14
20,5,10,10,0,50,10,15
20,5,10,10,0,50,10,16
20,5,10,10,0,50,10,17
20,5,10,10,0,50,10,18
20,5,10,10,0,50,10,19
20,5,10,10,0,50,10,20
20,5,10,10,0,50,15,1
20,5,10,10,0,50,15,2
20,5,10,10,0,50,15,3
20,5,10,10,0,50,15,4
20,5,10,10,0,50,15,5
20,5,10,10,0,50,15,6
20,5,10,10,0,50,15,7
20,5,10,10,0,50,15,8
20,5,10,10,0,50,15,9
20,5,10,10,0,50,15,10
20,5,10,10,0,50,15,11
20,5,10,10,0,50,15,12
20,5,10,10,0,50,15,13
20,5,10,10,0,50,15,14
20,5,10,10,0,50,15,15
20,5,10,10,0,50,15,16
20,5,10,10,0,50,15,17
20,5,10,10,0,50,15,18
20,5,10,10,0,50,15,19
20,5,10,10,0,50,15,20
20,5,10,10,0,50,20,1
20,5,10,10,0,50,20,2
20,5,10,10,0,50,20,3
20,5,10,10,0,50,20,4
20,5,10,10,0,50,20,5
20,5,10,10,0,50,20,6
20,5,10,10,0,50,20,7
20,5,10,10,0,50,20,8
20,5,10,10,0,50,20,9
20,5,10,10,0,50,20,10
20,5,10,10,0,50,20,11
20,5,10,10,0,50,20,12
20,5,10,10,0,50,20,13
20,5,10,10,0,50,20,14
20,5,10,10,0,50,20,15
20,5,10,10,0,50,20,16
20,5,10,10,0,50,20,17
20,5,10,10,0,50,20,18
20,5,10,10,0,50,20,19
20,5,10,10,0,50,20,20
20,5,10,10,0,50,25,1
20,5,10,10,0,50,25,2
20,5,10,10,0,50,25,3
20,5,10,10,0,50,25,4
20,5,10,10,0,50,25,5
20,5,10,10,0,50,25,6
20,5,10,10,0,50,25,7
20,5,10,10,0,50,25,8
20,5,10,10,0,50,25,9
20,5,10,10,0,50,25,10
20,5,10,10,0,50,25,11
20,5,10,10,0,50,25,12
20,5,10,10,0,50,25,13
20,5,10,10,0,50,25,14
20,5,10,10,0,50,25,15
20,5,10,10,0,50,25,16
20,5,10,10,0,50,25,17
20,5,10,10,0,50,25,18
20,5,10,10,0,50,25,19
20,5,10,10,0,50,25,20
20,5,10,10,0,50,30,1
20,5,10,10,0,50,30,2
20,5,10,10,0,50,30,3
20,5,10,10,0,50,30,4
20,5,10,10,0,50,30,5
20,5,10,10,0,50,30,6
20,5,10,10,0,50,30,7
20,5,10,10,0,50,30,8
20,5,10,10,0,50,30,9
20,5,10,10,0,50,30,10
20,5,10,10,0,50,30,11
20,5,10,10,0,50,30,12
20,5,10,10,0,50,30,13
20,5,10,10,0,50,30,14
20,5,10,10,0,50,30,15
20,5,10,10,0,50,30,16
20,5,10,10,0,50,30,17
20,5,10,10,0,50,30,18
20,5,10,10,0,50,30,19
20,5,10,10,0,50,30,20
20,5,10,10,0,50,35,1
20,5,10,10,0,50,35,2
20,5,10,10,0,50,35,3
20,5,10,10,0,50,35,4
20,5,10,10,0,50,35,5
20,5,10,10,0,50,35,6
20,5,10,10,0,50,35,7
20,5,10,10,0,50,35,8
20,5,10,10,0,50,35,9
20,5,10,10,0,50,35,10
20,5,10,10,0,50,35,11
20,5,10,10,0,50,35,12
20,5,10,10,0,50,35,13
20,5,10,10,0,50,35,14
20,5,10,10,0,50,35,15
20,5,10,10,0,50,35,16
20,5,10,10,0,50,35,17
20,5,10,10,0,50,35,18
20,5,10,10,0,50,35,19
20,5,10,10,0,50,35,20
20,5,10,10,0,50,40,1
20,5,10,10,0,50,40,2
20,5,10,10,0,50,40,3
20,5,10,10,0,50,40,4
20,5,10,10,0,50,40,5
20,5,10,10,0,50,40,6
20,5,10,10,0,50,40,7
20,5,10,10,0,50,40,8
20,5,10,10,0,50,40,9
20,5,10,10,0,50,40,10
20,5,10,10,0,50,40,11
20,5,10,10,0,50,40,12
20,5,10,10,0,50,40,13
20,5,10,10,0,50,40,14
20,5,10,10,0,50,40,15
20,5,10,10,0,50,40,16
20,5,10,10,0,50,40,17
20,5,10,10,0,50,40,18
20,5,10,10,0,50,40,19
20,5,10,10,0,50,40,20
20,5,10,10,0,55,5,1
20,5,10,10,0,55,5,2
20,5,10,10,0,55,5,3
20,5,10,10,0,55,5,4
20,5,10,10,0,55,5,5
20,5,10,10,0,55,5,6
20,5,10,10,0,55,5,7
20,5,10,10,0,55,5,8
20,5,10,10,0,55,5,9
20,5,10,10,0,55,5,10
20,5,10,10,0,55,5,11
20,5,10,10,0,55,5,12
20,5,10,10,0,55,5,13
20,5,10,10,0,55,5,14
20,5,10,10,0,55,5,15
20,5,10,10,0,55,5,16
20,5,10,10,0,55,5,17
20,5,10,10,0,55,5,18
20,5,10,10,0,55,5,19
20,5,10,10,0,55,5,20
20,5,10,10,0,55,10,1
20,5,10,10,0,55,10,2
20,5,10,10,0,55,10,3
20,5,10,10,0,55,10,4
20,5,10,10,0,55,10,5
20,5,10,10,0,55,10,6
20,5,10,10,0,55,10,7
20,5,10,10,0,55,10,8
20,5,10,10,0,55,10,9
20,5,10,10,0,55,10,10
20,5,10,10,0,55,10,11
20,5,10,10,0,55,10,12
20,5,10,10,0,55,10,13
20,5,10,10,0,55,10,14
20,5,10,10,0,55,10,15
20,5,10,10,0,55,10,16
20,5,10,10,0,55,10,17
20,5,10,10,0,55,10,18
20,5,10,10,0,55,10,19
20,5,10,10,0,55,10,20
20,5,10,10,0,55,15,1
20,5,10,10,0,55,15,2
20,5,10,10,0,55,15,3
20,5,10,10,0,55,15,4
20,5,10,10,0,55,15,5
20,5,10,10,0,55,15,6
20,5,10,10,0,55,15,7
20,5,10,10,0,55,15,8
20,5,10,10,0,55,15,9
20,5,10,10,0,55,15,10
20,5,10,10,0,55,15,11
20,5,10,10,0,55,15,12
20,5,10,10,0,55,15,13
20,5,10,10,0,55,15,14
20,5,10,10,0,55,15,15
20,5,10,10,0,55,15,16
20,5,10,10,0,55,15,17
20,5,10,10,0,55,15,18
20,5,10,10,0,55,15,19
20,5,10,10,0,55,15,20
20,5,10,10,0,55,20,1
20,5,10,10,0,55,20,2
20,5,10,10,0,55,20,3
20,5,10,10,0,55,20,4
20,5,10,10,0,55,20,5
20,5,10,10,0,55,20,6
20,5,10,10,0,55,20,7
20,5,10,10,0,55,20,8
20,5,10,10,0,55,20,9
20,5,10,10,0,55,20,10
20,5,10,10,0,55,20,11
20,5,10,10,0,55,20,12
20,5,10,10,0,55,20,13
20,5,10,10,0,55,20,14
20,5,10,10,0,55,20,15
20,5,10,10,0,55,20,16
20,5,10,10,0,55,20,17
20,5,10,10,0,55,20,18
20,5,10,10,0,55,20,19
20,5,10,10,0,55,20,20
20,5,10,10,0,55,25,1
20,5,10,10,0,55,25,2
20,5,10,10,0,55,25,3
20,5,10,10,0,55,25,4
20,5,10,10,0,55,25,5
20,5,10,10,0,55,25,6
20,5,10,10,0,55,25,7
20,5,10,10,0,55,25,8
20,5,10,10,0,55,25,9
20,5,10,10,0,55,25,10
20,5,10,10,0,55,25,11
20,5,10,10,0,55,25,12
20,5,10,10,0,55,25,13
20,5,10,10,0,55,25,14
20,5,10,10,0,55,25,15
20,5,10,10,0,55,25,16
20,5,10,10,0,55,25,17
20,5,10,10,0,55,25,18
20,5,10,10,0,55,25,19
20,5,10,10,0,55,25,20
20,5,10,10,0,55,30,1
20,5,10,10,0,55,30,2
20,5,10,10,0,55,30,3
20,5,10,10,0,55,30,4
20,5,10,10,0,55,30,5
20,5,10,10,0,55,30,6
20,5,10,10,0,55,30,7
20,5,10,10,0,55,30,8
20,5,10,10,0,55,30,9
20,5,10,10,0,55,30,10
20,5,10,10,0,55,30,11
20,5,10,10,0,55,30,12
20,5,10,10,0,55,30,13
20,5,10,10,0,55,30,14
20,5,10,10,0,55,30,15
20,5,10,10,0,55,30,16
20,5,10,10,0,55,30,17
20,5,10,10,0,55,30,18
20,5,10,10,0,55,30,19
20,5,10,10,0,55,30,20
20,5,10,10,0,55,35,1
20,5,10,10,0,55,35,2
20,5,10,10,0,55,35,3
20,5,10,10,0,55,35,4
20,5,10,10,0,55,35,5
20,5,10,10,0,55,35,6
20,5,10,10,0,55,35,7
20,5,10,10,0,55,35,8
20,5,10,10,0,55,35,9
20,5,10,10,0,55,35,10
20,5,10,10,0,55,35,11
20,5,10,10,0,55,35,12
20,5,10,10,0,55,35,13
20,5,10,10,0,55,35,14
20,5,10,10,0,55,35,15
20,5,10,10,0,55,35,16
20,5,10,10,0,55,35,17
20,5,10,10,0,55,35,18
20,5,10,10,0,55,35,19
20,5,10,10,0,55,35,20
20,5,10,10,0,55,40,1
20,5,10,10,0,55,40,2
20,5,10,10,0,55,40,3
20,5,10,10,0,55,40,4
20,5,10,10,0,55,40,5
20,5,10,10,0,55,40,6
20,5,10,10,0,55,40,7
20,5,10,10,0,55,40,8
20,5,10,10,0,55,40,9
20,5,10,10,0,55,40,10
20,5,10,10,0,55,40,11
20,5,10,10,0,55,40,12
20,5,10,10,0,55,40,13
20,5,10,10,0,55,40,14
20,5,10,10,0,55,40,15
20,5,10,10,0,55,40,16
20,5,10,10,0,55,40,17
20,5,10,10,0,55,40,18
20,5,10,10,0,55,40,19
20,5,10,10,0,55,40,20
20,5,10,10,0,60,5,1
20,5,10,10,0,60,5,2
20,5,10,10,0,60,5,3
20,5,10,10,0,60,5,4
20,5,10,10,0,60,5,5
20,5,10,10,0,60,5,6
20,5,10,10,0,60,5,7
20,5,10,10,0,60,5,8
20,5,10,10,0,60,5,9
20,5,10,10,0,60,5,10
20,5,10,10,0,60,5,11
20,5,10,10,0,60,5,12
20,5,10,10,0,60,5,13
20,5,10,10,0,60,5,14
20,5,10,10,0,60,5,15
20,5,10,10,0,60,5,16
20,5,10,10,0,60,5,17
20,5,10,10,0,60,5,18
20,5,10,10,0,60,5,19
20,5,10,10,0,60,5,20
20,5,10,10,0,60,10,1
20,5,10,10,0,60,10,2
20,5,10,10,0,60,10,3
20,5,10,10,0,60,10,4
20,5,10,10,0,60,10,5
20,5,10,10,0,60,10,6
20,5,10,10,0,60,10,7
20,5,10,10,0,60,10,8
20,5,10,10,0,60,10,9
20,5,10,10,0,60,10,10
20,5,10,10,0,60,10,11
20,5,10,10,0,60,10,12
20,5,10,10,0,60,10,13
20,5,10,10,0,60,10,14
20,5,10,10,0,60,10,15
20,5,10,10,0,60,10,16
20,5,10,10,0,60,10,17
20,5,10,10,0,60,10,18
20,5,10,10,0,60,10,19
20,5,10,10,0,60,10,20
20,5,10,10,0,60,15,1
20,5,10,10,0,60,15,2
20,5,10,10,0,60,15,3
20,5,10,10,0,60,15,4
20,5,10,10,0,60,15,5
20,5,10,10,0,60,15,6
20,5,10,10,0,60,15,7
20,5,10,10,0,60,15,8
20,5,10,10,0,60,15,9
20,5,10,10,0,60,15,10
20,5,10,10,0,60,15,11
20,5,10,10,0,60,15,12
20,5,10,10,0,60,15,13
20,5,10,10,0,60,15,14
20,5,10,10,0,60,15,15
20,5,10,10,0,60,15,16
20,5,10,10,0,60,15,17
20,5,10,10,0,60,15,18
20,5,10,10,0,60,15,19
20,5,10,10,0,60,15,20
20,5,10,10,0,60,20,1
20,5,10,10,0,60,20,2
20,5,10,10,0,60,20,3
20,5,10,10,0,60,20,4
20,5,10,10,0,60,20,5
20,5,10,10,0,60,20,6
20,5,10,10,0,60,20,7
20,5,10,10,0,60,20,8
20,5,10,10,0,60,20,9
20,5,10,10,0,60,20,10
20,5,10,10,0,60,20,11
20,5,10,10,0,60,20,12
20,5,10,10,0,60,20,13
20,5,10,10,0,60,20,14
20,5,10,10,0,60,20,15
20,5,10,10,0,60,20,16
20,5,10,10,0,60,20,17
20,5,10,10,0,60,20,18
20,5,10,10,0,60,20,19
20,5,10,10,0,60,20,20
20,5,10,10,0,60,25,1
20,5,10,10,0,60,25,2
20,5,10,10,0,60,25,3
20,5,10,10,0,60,25,4
20,5,10,10,0,60,25,5
20,5,10,10,0,60,25,6
20,5,10,10,0,60,25,7
20,5,10,10,0,60,25,8
20,5,10,10,0,60,25,9
20,5,10,10,0,60,25,10
20,5,10,10,0,60,25,11
20,5,10,10,0,60,25,12
20,5,10,10,0,60,25,13
20,5,10,10,0,60,25,14
20,5,10,10,0,60,25,15
20,5,10,10,0,60,25,16
20,5,10,10,0,60,25,17
20,5,10,10,0,60,25,18
20,5,10,10,0,60,25,19
20,5,10,10,0,60,25,20
20,5,10,10,0,60,30,1
20,5,10,10,0,60,30,2
20,5,10,10,0,60,30,3
20,5,10,10,0,60,30,4
20,5,10,10,0,60,30,5
20,5,10,10,0,60,30,6
20,5,10,10,0,60,30,7
20,5,10,10,0,60,30,8
20,5,10,10,0,60,30,9
20,5,10,10,0,60,30,10
20,5,10,10,0,60,30,11
20,5,10,10,0,60,30,12
20,5,10,10,0,60,30,13
20,5,10,10,0,60,30,14
20,5,10,10,0,60,30,15
20,5,10,10,0,60,30,16
20,5,10,10,0,60,30,17
20,5,10,10,0,60,30,18
20,5,10,10,0,60,30,19
20,5,10,10,0,60,30,20
20,5,10,10,0,60,35,1
20,5,10,10,0,60,35,2
20,5,10,10,0,60,35,3
20,5,10,10,0,60,35,4
20,5,10,10,0,60,35,5
20,5,10,10,0,60,35,6
20,5,10,10,0,60,35,7
20,5,10,10,0,60,35,8
20,5,10,10,0,60,35,9
20,5,10,10,0,60,35,10
20,5,10,10,0,60,35,11
20,5,10,10,0,60,35,12
20,5,10,10,0,60,35,13
20,5,10,10,0,60,35,14
20,5,10,10,0,60,35,15
20,5,10,10,0,60,35,16
20,5,10,10,0,60,35,17
20,5,10,10,0,60,35,18
20,5,10,10,0,60,35,19
20,5,10,10,0,60,35,20
20,5,10,10,0,60,40,1
20,5,10,10,0,60,40,2
20,5,10,10,0,60,40,3
20,5,10,10,0,60,40,4
20,5,10,10,0,60,40,5
20,5,10,10,0,60,40,6
20,5,10,10,0,60,40,7
20,5,10,10,0,60,40,8
20,5,10,10,0,60,40,9
20,5,10,10,0,60,40,10
20,5,10,10,0,60,40,11
20,5,10,10,0,60,40,12
20,5,10,10,0,60,40,13
20,5,10,10,0,60,40,14
20,5,10,10,0,60,40,15
20,5,10,10,0,60,40,16
20,5,10,10,0,60,40,17
20,5,10,10,0,60,40,18
20,5,10,10,0,60,40,19
20,5,10,10,0,60,40,20
20,5,10,10,0,65,5,1
20,5,10,10,0,65,5,2
20,5,10,10,0,65,5,3
20,5,10,10,0,65,5,4
20,5,10,10,0,65,5,5
20,5,10,10,0,65,5,6
20,5,10,10,0,65,5,7
20,5,10,10,0,65,5,8
20,5,10,10,0,65,5,9
20,5,10,10,0,65,5,10
20,5,10,10,0,65,5,11
20,5,10,10,0,65,5,12
20,5,10,10,0,65,5,13
20,5,10,10,0,65,5,14
20,5,10,10,0,65,5,15
20,5,10,10,0,65,5,16
20,5,10,10,0,65,5,17
20,5,10,10,0,65,5,18
20,5,10,10,0,65,5,19
20,5,10,10,0,65,5,20
20,5,10,10,0,65,10,1
20,5,10,10,0,65,10,2
20,5,10,10,0,65,10,3
20,5,10,10,0,65,10,4
20,5,10,10,0,65,10,5
20,5,10,10,0,65,10,6
20,5,10,10,0,65,10,7
20,5,10,10,0,65,10,8
20,5,10,10,0,65,10,9
20,5,10,10,0,65,10,10
20,5,10,10,0,65,10,11
20,5,10,10,0,65,10,12
20,5,10,10,0,65,10,13
20,5,10,10,0,65,10,14
20,5,10,10,0,65,10,15
20,5,10,10,0,65,10,16
20,5,10,10,0,65,10,17
20,5,10,10,0,65,10,18
20,5,10,10,0,65,10,19
20,5,10,10,0,65,10,20
20,5,10,10,0,65,15,1
20,5,10,10,0,65,15,2
20,5,10,10,0,65,15,3
20,5,10,10,0,65,15,4
20,5,10,10,0,65,15,5
20,5,10,10,0,65,15,6
20,5,10,10,0,65,15,7
20,5,10,10,0,65,15,8
20,5,10,10,0,65,15,9
20,5,10,10,0,65,15,10
20,5,10,10,0,65,15,11
20,5,10,10,0,65,15,12
20,5,10,10,0,65,15,13
20,5,10,10,0,65,15,14
20,5,10,10,0,65,15,15
20,5,10,10,0,65,15,16
20,5,10,10,0,65,15,17
20,5,10,10,0,65,15,18
20,5,10,10,0,65,15,19
20,5,10,10,0,65,15,20
20,5,10,10,0,65,20,1
20,5,10,10,0,65,20,2
20,5,10,10,0,65,20,3
20,5,10,10,0,65,20,4
20,5,10,10,0,65,20,5
20,5,10,10,0,65,20,6
20,5,10,10,0,65,20,7
20,5,10,10,0,65,20,8
20,5,10,10,0,65,20,9
20,5,10,10,0,65,20,10
20,5,10,10,0,65,20,11
20,5,10,10,0,65,20,12
20,5,10,10,0,65,20,13
20,5,10,10,0,65,20,14
20,5,10,10,0,65,20,15
20,5,10,10,0,65,20,16
20,5,10,10,0,65,20,17
20,5,10,10,0,65,20,18
20,5,10,10,0,65,20,19
20,5,10,10,0,65,20,20
20,5,10,10,0,65,25,1
20,5,10,10,0,65,25,2
20,5,10,10,0,65,25,3
20,5,10,10,0,65,25,4
20,5,10,10,0,65,25,5
20,5,10,10,0,65,25,6
20,5,10,10,0,65,25,7
20,5,10,10,0,65,25,8
20,5,10,10,0,65,25,9
20,5,10,10,0,65,25,10
20,5,10,10,0,65,25,11
20,5,10,10,0,65,25,12
20,5,10,10,0,65,25,13
20,5,10,10,0,65,25,14
20,5,10,10,0,65,25,15
20,5,10,10,0,65,25,16
20,5,10,10,0,65,25,17
20,5,10,10,0,65,25,18
20,5,10,10,0,65,25,19
20,5,10,10,0,65,25,20
20,5,10,10,0,65,30,1
20,5,10,10,0,65,30,2
20,5,10,10,0,65,30,3
20,5,10,10,0,65,30,4
20,5,10,10,0,65,30,5
20,5,10,10,0,65,30,6
20,5,10,10,0,65,30,7
20,5,10,10,0,65,30,8
20,5,10,10,0,65,30,9
20,5,10,10,0,65,30,10
20,5,10,10,0,65,30,11
20,5,10,10,0,65,30,12
20,5,10,10,0,65,30,13
20,5,10,10,0,65,30,14
20,5,10,10,0,65,30,15
20,5,10,10,0,65,30,16
20,5,10,10,0,65,30,17
20,5,10,10,0,65,30,18
20,5,10,10,0,65,30,19
20,5,10,10,0,65,30,20
20,5,10,10,0,65,35,1
20,5,10,10,0,65,35,2
20,5,10,10,0,65,35,3
20,5,10,10,0,65,35,4
20,5,10,10,0,65,35,5
20,5,10,10,0,65,35,6
20,5,10,10,0,65,35,7
20,5,10,10,0,65,35,8
20,5,10,10,0,65,35,9
20,5,10,10,0,65,35,10
20,5,10,10,0,65,35,11
20,5,10,10,0,65,35,12
20,5,10,10,0,65,35,13
20,5,10,10,0,65,35,14
20,5,10,10,0,65,35,15
20,5,10,10,0,65,35,16
20,5,10,10,0,65,35,17
20,5,10,10,0,65,35,18
20,5,10,10,0,65,35,19
20,5,10,10,0,65,35,20
20,5,10,10,0,65,40,1
20,5,10,10,0,65,40,2
20,5,10,10,0,65,40,3
20,5,10,10,0,65,40,4
20,5,10,10,0,65,40,5
20,5,10,10,0,65,40,6
20,5,10,10,0,65,40,7
20,5,10,10,0,65,40,8
20,5,10,10,0,65,40,9
20,5,10,10,0,65,40,10
20,5,10,10,0,65,40,11
20,5,10,10,0,65,40,12
20,5,10,10,0,65,40,13
20,5,10,10,0,65,40,14
20,5,10,10,0,65,40,15
20,5,10,10,0,65,40,16
20,5,10,10,0,65,40,17
20,5,10,10,0,65,40,18
20,5,10,10,0,65,40,19
20,5,10,10,0,65,40,20
20,5,10,10,0,70,5,1
20,5,10,10,0,70,5,2
20,5,10,10,0,70,5,3
20,5,10,10,0,70,5,4
20,5,10,10,0,70,5,5
20,5,10,10,0,70,5,6
20,5,10,10,0,70,5,7
20,5,10,10,0,70,5,8
20,5,10,10,0,70,5,9
20,5,10,10,0,70,5,10
20,5,10,10,0,70,5,11
20,5,10,10,0,70,5,12
20,5,10,10,0,70,5,13
20,5,10,10,0,70,5,14
20,5,10,10,0,70,5,15
20,5,10,10,0,70,5,16
20,5,10,10,0,70,5,17
20,5,10,10,0,70,5,18
20,5,10,10,0,70,5,19
20,5,10,10,0,70,5,20
20,5,10,10,0,70,10,1
20,5,10,10,0,70,10,2
20,5,10,10,0,70,10,3
20,5,10,10,0,70,10,4
20,5,10,10,0,70,10,5
20,5,10,10,0,70,10,6
20,5,10,10,0,70,10,7
20,5,10,10,0,70,10,8
20,5,10,10,0,70,10,9
20,5,10,10,0,70,10,10
20,5,10,10,0,70,10,11
20,5,10,10,0,70,10,12
20,5,10,10,0,70,10,13
20,5,10,10,0,70,10,14
20,5,10,10,0,70,10,15
20,5,10,10,0,70,10,16
20,5,10,10,0,70,10,17
20,5,10,10,0,70,10,18
20,5,10,10,0,70,10,19
20,5,10,10,0,70,10,20
20,5,10,10,0,70,15,1
20,5,10,10,0,70,15,2
20,5,10,10,0,70,15,3
20,5,10,10,0,70,15,4
20,5,10,10,0,70,15,5
20,5,10,10,0,70,15,6
20,5,10,10,0,70,15,7
20,5,10,10,0,70,15,8
20,5,10,10,0,70,15,9
20,5,10,10,0,70,15,10
20,5,10,10,0,70,15,11
20,5,10,10,0,70,15,12
20,5,10,10,0,70,15,13
20,5,10,10,0,70,15,14
20,5,10,10,0,70,15,15
20,5,10,10,0,70,15,16
20,5,10,10,0,70,15,17
20,5,10,10,0,70,15,18
20,5,10,10,0,70,15,19
20,5,10,10,0,70,15,20
20,5,10,10,0,70,20,1
20,5,10,10,0,70,20,2
20,5,10,10,0,70,20,3
20,5,10,10,0,70,20,4
20,5,10,10,0,70,20,5
20,5,10,10,0,70,20,6
20,5,10,10,0,70,20,7
20,5,10,10,0,70,20,8
20,5,10,10,0,70,20,9
20,5,10,10,0,70,20,10
20,5,10,10,0,70,20,11
20,5,10,10,0,70,20,12
20,5,10,10,0,70,20,13
20,5,10,10,0,70,20,14
20,5,10,10,0,70,20,15
20,5,10,10,0,70,20,16
20,5,10,10,0,70,20,17
20,5,10,10,0,70,20,18
20,5,10,10,0,70,20,19
20,5,10,10,0,70,20,20
20,5,10,10,0,70,25,1
20,5,10,10,0,70,25,2
20,5,10,10,0,70,25,3
20,5,10,10,0,70,25,4
20,5,10,10,0,70,25,5
20,5,10,10,0,70,25,6
20,5,10,10,0,70,25,7
20,5,10,10,0,70,25,8
20,5,10,10,0,70,25,9
20,5,10,10,0,70,25,10
20,5,10,10,0,70,25,11
20,5,10,10,0,70,25,12
20,5,10,10,0,70,25,13
20,5,10,10,0,70,25,14
20,5,10,10,0,70,25,15
20,5,10,10,0,70,25,16
20,5,10,10,0,70,25,17
20,5,10,10,0,70,25,18
20,5,10,10,0,70,25,19
20,5,10,10,0,70,25,20
20,5,10,10,0,70,30,1
20,5,10,10,0,70,30,2
20,5,10,10,0,70,30,3
20,5,10,10,0,70,30,4
20,5,10,10,0,70,30,5
20,5,10,10,0,70,30,6
20,5,10,10,0,70,30,7
20,5,10,10,0,70,30,8
20,5,10,10,0,70,30,9
20,5,10,10,0,70,30,10
20,5,10,10,0,70,30,11
20,5,10,10,0,70,30,12
20,5,10,10,0,70,30,13
20,5,10,10,0,70,30,14
20,5,10,10,0,70,30,15
20,5,10,10,0,70,30,16
20,5,10,10,0,70,30,17
20,5,10,10,0,70,30,18
20,5,10,10,0,70,30,19
20,5,10,10,0,70,30,20
20,5,10,10,0,70,35,1
20,5,10,10,0,70,35,2
20,5,10,10,0,70,35,3
20,5,10,10,0,70,35,4
20,5,10,10,0,70,35,5
20,5,10,10,0,70,35,6
20,5,10,10,0,70,35,7
20,5,10,10,0,70,35,8
20,5,10,10,0,70,35,9
20,5,10,10,0,70,35,10
20,5,10,10,0,70,35,11
20,5,10,10,0,70,35,12
20,5,10,10,0,70,35,13
20,5,10,10,0,70,35,14
20,5,10,10,0,70,35,15
20,5,10,10,0,70,35,16
20,5,10,10,0,70,35,17
20,5,10,10,0,70,35,18
20,5,10,10,0,70,35,19
20,5,10,10,0,70,35,20
20,5,10,10,0,70,40,1
20,5,10,10,0,70,40,2
20,5,10,10,0,70,40,3
20,5,10,10,0,70,40,4
20,5,10,10,0,70,40,5
20,5,10,10,0,70,40,6
20,5,10,10,0,70,40,7
20,5,10,10,0,70,40,8
20,5,10,10,0,70,40,9
20,5,10,10,0,70,40,10
20,5,10,10,0,70,40,11
20,5,10,10,0,70,40,12
20,5,10,10,0,70,40,13
20,5,10,10,0,70,40,14
20,5,10,10,0,70,40,15
20,5,10,10,0,70,40,16
20,5,10,10,0,70,40,17
20,5,10,10,0,70,40,18
20,5,10,10,0,70,40,19
20,5,10,10,0,70,40,20
20,5,10,10,0,75,5,1
20,5,10,10,0,75,5,2
20,5,10,10,0,75,5,3
20,5,10,10,0,75,5,4
20,5,10,10,0,75,5,5
20,5,10,10,0,75,5,6
20,5,10,10,0,75,5,7
20,5,10,10,0,75,5,8
20,5,10,10,0,75,5,9
20,5,10,10,0,75,5,10
20,5,10,10,0,75,5,11
20,5,10,10,0,75,5,12
20,5,10,10,0,75,5,13
20,5,10,10,0,75,5,14
20,5,10,10,0,75,5,15
20,5,10,10,0,75,5,16
20,5,10,10,0,75,5,17
20,5,10,10,0,75,5,18
20,5,10,10,0,75,5,19
20,5,10,10,0,75,5,20
20,5,10,10,0,75,10,1
20,5,10,10,0,75,10,2
20,5,10,10,0,75,10,3
20,5,10,10,0,75,10,4
20,5,10,10,0,75,10,5
20,5,10,10,0,75,10,6
20,5,10,10,0,75,10,7
20,5,10,10,0,75,10,8
20,5,10,10,0,75,10,9
20,5,10,10,0,75,10,10
20,5,10,10,0,75,10,11
20,5,10,10,0,75,10,12
20,5,10,10,0,75,10,13
20,5,10,10,0,75,10,14
20,5,10,10,0,75,10,15
20,5,10,10,0,75,10,16
20,5,10,10,0,75,10,17
20,5,10,10,0,75,10,18
20,5,10,10,0,75,10,19
20,5,10,10,0,75,10,20
20,5,10,10,0,75,15,1
20,5,10,10,0,75,15,2
20,5,10,10,0,75,15,3
20,5,10,10,0,75,15,4
20,5,10,10,0,75,15,5
20,5,10,10,0,75,15,6
20,5,10,10,0,75,15,7
20,5,10,10,0,75,15,8
20,5,10,10,0,75,15,9
20,5,10,10,0,75,15,10
20,5,10,10,0,75,15,11
20,5,10,10,0,75,15,12
20,5,10,10,0,75,15,13
20,5,10,10,0,75,15,14
20,5,10,10,0,75,15,15
20,5,10,10,0,75,15,16
20,5,10,10,0,75,15,17
20,5,10,10,0,75,15,18
20,5,10,10,0,75,15,19
20,5,10,10,0,75,15,20
20,5,10,10,0,75,20,1
20,5,10,10,0,75,20,2
20,5,10,10,0,75,20,3
20,5,10,10,0,75,20,4
20,5,10,10,0,75,20,5
20,5,10,10,0,75,20,6
20,5,10,10,0,75,20,7
20,5,10,10,0,75,20,8
20,5,10,10,0,75,20,9
20,5,10,10,0,75,20,10
20,5,10,10,0,75,20,11
20,5,10,10,0,75,20,12
20,5,10,10,0,75,20,13
20,5,10,10,0,75,20,14
20,5,10,10,0,75,20,15
20,5,10,10,0,75,20,16
20,5,10,10,0,75,20,17
20,5,10,10,0,75,20,18
20,5,10,10,0,75,20,19
20,5,10,10,0,75,20,20
20,5,10,10,0,75,25,1
20,5,10,10,0,75,25,2
20,5,10,10,0,75,25,3
20,5,10,10,0,75,25,4
20,5,10,10,0,75,25,5
20,5,10,10,0,75,25,6
20,5,10,10,0,75,25,7
20,5,10,10,0,75,25,8
20,5,10,10,0,75,25,9
20,5,10,10,0,75,25,10
20,5,10,10,0,75,25,11
20,5,10,10,0,75,25,12
20,5,10,10,0,75,25,13
20,5,10,10,0,75,25,14
20,5,10,10,0,75,25,15
20,5,10,10,0,75,25,16
20,5,10,10,0,75,25,17
20,5,10,10,0,75,25,18
20,5,10,10,0,75,25,19
20,5,10,10,0,75,25,20
20,5,10,10,0,75,30,1
20,5,10,10,0,75,30,2
20,5,10,10,0,75,30,3
20,5,10,10,0,75,30,4
20,5,10,10,0,75,30,5
20,5,10,10,0,75,30,6
20,5,10,10,0,75,30,7
20,5,10,10,0,75,30,8
20,5,10,10,0,75,30,9
20,5,10,10,0,75,30,10
20,5,10,10,0,75,30,11
20,5,10,10,0,75,30,12
20,5,10,10,0,75,30,13
20,5,10,10,0,75,30,14
20,5,10,10,0,75,30,15
20,5,10,10,0,75,30,16
20,5,10,10,0,75,30,17
20,5,10,10,0,75,30,18
20,5,10,10,0,75,30,19
20,5,10,10,0,75,30,20
20,5,10,10,0,75,35,1
20,5,10,10,0,75,35,2
20,5,10,10,0,75,35,3
20,5,10,10,0,75,35,4
20,5,10,10,0,75,35,5
20,5,10,10,0,75,35,6
20,5,10,10,0,75,35,7
20,5,10,10,0,75,35,8
20,5,10,10,0,75,35,9
20,5,10,10,0,75,35,10
20,5,10,10,0,75,35,11
20,5,10,10,0,75,35,12
20,5,10,10,0,75,35,13
20,5,10,10,0,75,35,14
20,5,10,10,0,75,35,15
20,5,10,10,0,75,35,16
20,5,10,10,0,75,35,17
20,5,10,10,0,75,35,18
20,5,10,10,0,75,35,19
20,5,10,10,0,75,35,20
20,5,10,10,0,75,40,1
20,5,10,10,0,75,40,2
20,5,10,10,0,75,40,3
20,5,10,10,0,75,40,4
20,5,10,10,0,75,40,5
20,5,10,10,0,75,40,6
20,5,10,10,0,75,40,7
20,5,10,10,0,75,40,8
20,5,10,10,0,75,40,9
20,5,10,10,0,75,40,10
20,5,10,10,0,75,40,11
20,5,10,10,0,75,40,12
20,5,10,10,0,75,40,13
20,5,10,10,0,75,40,14
20,5,10,10,0,75,40,15
20,5,10,10,0,75,40,16
20,5,10,10,0,75,40,17
20,5,10,10,0,75,40,18
20,5,10,10,0,75,40,19
20,5,10,10,0,75,40,20
20,5,10,10,0,80,5,1
20,5,10,10,0,80,5,2
20,5,10,10,0,80,5,3
20,5,10,10,0,80,5,4
20,5,10,10,0,80,5,5
20,5,10,10,0,80,5,6
20,5,10,10,0,80,5,7
20,5,10,10,0,80,5,8
20,5,10,10,0,80,5,9
20,5,10,10,0,80,5,10
20,5,10,10,0,80,5,11
20,5,10,10,0,80,5,12
20,5,10,10,0,80,5,13
20,5,10,10,0,80,5,14
20,5,10,10,0,80,5,15
20,5,10,10,0,80,5,16
20,5,10,10,0,80,5,17
20,5,10,10,0,80,5,18
20,5,10,10,0,80,5,19
20,5,10,10,0,80,5,20
20,5,10,10,0,80,10,1
20,5,10,10,0,80,10,2
20,5,10,10,0,80,10,3
20,5,10,10,0,80,10,4
20,5,10,10,0,80,10,5
20,5,10,10,0,80,10,6
20,5,10,10,0,80,10,7
20,5,10,10,0,80,10,8
20,5,10,10,0,80,10,9
20,5,10,10,0,80,10,10
20,5,10,10,0,80,10,11
20,5,10,10,0,80,10,12
20,5,10,10,0,80,10,13
20,5,10,10,0,80,10,14
20,5,10,10,0,80,10,15
20,5,10,10,0,80,10,16
20,5,10,10,0,80,10,17
20,5,10,10,0,80,10,18
20,5,10,10,0,80,10,19
20,5,10,10,0,80,10,20
20,5,10,10,0,80,15,1
20,5,10,10,0,80,15,2
20,5,10,10,0,80,15,3
20,5,10,10,0,80,15,4
20,5,10,10,0,80,15,5
20,5,10,10,0,80,15,6
20,5,10,10,0,80,15,7
20,5,10,10,0,80,15,8
20,5,10,10,0,80,15,9
20,5,10,10,0,80,15,10
20,5,10,10,0,80,15,11
20,5,10,10,0,80,15,12
20,5,10,10,0,80,15,13
20,5,10,10,0,80,15,14
20,5,10,10,0,80,15,15
20,5,10,10,0,80,15,16
20,5,10,10,0,80,15,17
20,5,10,10,0,80,15,18
20,5,10,10,0,80,15,19
20,5,10,10,0,80,15,20
20,5,10,10,0,80,20,1
20,5,10,10,0,80,20,2
20,5,10,10,0,80,20,3
20,5,10,10,0,80,20,4
20,5,10,10,0,80,20,5
20,5,10,10,0,80,20,6
20,5,10,10,0,80,20,7
20,5,10,10,0,80,20,8
20,5,10,10,0,80,20,9
20,5,10,10,0,80,20,10
20,5,10,10,0,80,20,11
20,5,10,10,0,80,20,12
20,5,10,10,0,80,20,13
20,5,10,10,0,80,20,14
20,5,10,10,0,80,20,15
20,5,10,10,0,80,20,16
20,5,10,10,0,80,20,17
20,5,10,10,0,80,20,18
20,5,10,10,0,80,20,19
20,5,10,10,0,80,20,20
20,5,10,10,0,80,25,1
20,5,10,10,0,80,25,2
20,5,10,10,0,80,25,3
20,5,10,10,0,80,25,4
20,5,10,10,0,80,25,5
20,5,10,10,0,80,25,6
20,5,10,10,0,80,25,7
20,5,10,10,0,80,25,8
20,5,10,10,0,80,25,9
20,5,10,10,0,80,25,10
20,5,10,10,0,80,25,11
20,5,10,10,0,80,25,12
20,5,10,10,0,80,25,13
20,5,10,10,0,80,25,14
20,5,10,10,0,80,25,15
20,5,10,10,0,80,25,16
20,5,10,10,0,80,25,17
20,5,10,10,0,80,25,18
20,5,10,10,0,80,25,19
20,5,10,10,0,80,25,20
20,5,10,10,0,80,30,1
20,5,10,10,0,80,30,2
20,5,10,10,0,80,30,3
20,5,10,10,0,80,30,4
20,5,10,10,0,80,30,5
20,5,10,10,0,80,30,6
20,5,10,10,0,80,30,7
20,5,10,10,0,80,30,8
20,5,10,10,0,80,30,9
20,5,10,10,0,80,30,10
20,5,10,10,0,80,30,11
20,5,10,10,0,80,30,12
20,5,10,10,0,80,30,13
20,5,10,10,0,80,30,14
20,5,10,10,0,80,30,15
20,5,10,10,0,80,30,16
20,5,10,10,0,80,30,17
20,5,10,10,0,80,30,18
20,5,10,10,0,80,30,19
20,5,10,10,0,80,30,20
20,5,10,10,0,80,35,1
20,5,10,10,0,80,35,2
20,5,10,10,0,80,35,3
20,5,10,10,0,80,35,4
20,5,10,10,0,80,35,5
20,5,10,10,0,80,35,6
20,5,10,10,0,80,35,7
20,5,10,10,0,80,35,8
20,5,10,10,0,80,35,9
20,5,10,10,0,80,35,10
20,5,10,10,0,80,35,11
20,5,10,10,0,80,35,12
20,5,10,10,0,80,35,13
20,5,10,10,0,80,35,14
20,5,10,10,0,80,35,15
20,5,10,10,0,80,35,16
20,5,10,10,0,80,35,17
20,5,10,10,0,80,35,18
20,5,10,10,0,80,35,19
20,5,10,10,0,80,35,20
20,5,10,10,0,80,40,1
20,5,10,10,0,80,40,2
20,5,10,10,0,80,40,3
20,5,10,10,0,80,40,4
20,5,10,10,0,80,40,5
20,5,10,10,0,80,40,6
20,5,10,10,0,80,40,7
20,5,10,10,0,80,40,8
20,5,10,10,0,80,40,9
20,5,10,10,0,80,40,10
20,5,10,10,0,80,40,11
20,5,10,10,0,80,40,12
20,5,10,10,0,80,40,13
20,5,10,10,0,80,40,14
20,5,10,10,0,80,40,15
20,5,10,10,0,80,40,16
20,5,10,10,0,80,40,17
20,5,10,10,0,80,40,18
20,5,10,10,0,80,40,19
20,5,10,10,0,80,40,20
20,5,10,10,0,85,5,1
20,5,10,10,0,85,5,2
20,5,10,10,0,85,5,3
20,5,10,10,0,85,5,4
20,5,10,10,0,85,5,5
20,5,10,10,0,85,5,6
20,5,10,10,0,85,5,7
20,5,10,10,0,85,5,8
20,5,10,10,0,85,5,9
20,5,10,10,0,85,5,10
20,5,10,10,0,85,5,11
20,5,10,10,0,85,5,12
20,5,10,10,0,85,5,13
20,5,10,10,0,85,5,14
20,5,10,10,0,85,5,15
20,5,10,10,0,85,5,16
20,5,10,10,0,85,5,17
20,5,10,10,0,85,5,18
20,5,10,10,0,85,5,19
20,5,10,10,0,85,5,20
20,5,10,10,0,85,10,1
20,5,10,10,0,85,10,2
20,5,10,10,0,85,10,3
20,5,10,10,0,85,10,4
20,5,10,10,0,85,10,5
20,5,10,10,0,85,10,6
20,5,10,10,0,85,10,7
20,5,10,10,0,85,10,8
20,5,10,10,0,85,10,9
20,5,10,10,0,85,10,10
20,5,10,10,0,85,10,11
20,5,10,10,0,85,10,12
20,5,10,10,0,85,10,13
20,5,10,10,0,85,10,14
20,5,10,10,0,85,10,15
20,5,10,10,0,85,10,16
20,5,10,10,0,85,10,17
20,5,10,10,0,85,10,18
20,5,10,10,0,85,10,19
20,5,10,10,0,85,10,20
20,5,10,10,0,85,15,1
20,5,10,10,0,85,15,2
20,5,10,10,0,85,15,3
20,5,10,10,0,85,15,4
20,5,10,10,0,85,15,5
20,5,10,10,0,85,15,6
20,5,10,10,0,85,15,7
20,5,10,10,0,85,15,8
20,5,10,10,0,85,15,9
20,5,10,10,0,85,15,10
20,5,10,10,0,85,15,11
20,5,10,10,0,85,15,12
20,5,10,10,0,85,15,13
20,5,10,10,0,85,15,14
20,5,10,10,0,85,15,15
20,5,10,10,0,85,15,16
20,5,10,10,0,85,15,17
20,5,10,10,0,85,15,18
20,5,10,10,0,85,15,19
20,5,10,10,0,85,15,20
20,5,10,10,0,85,20,1
20,5,10,10,0,85,20,2
20,5,10,10,0,85,20,3
20,5,10,10,0,85,20,4
20,5,10,10,0,85,20,5
20,5,10,10,0,85,20,6
20,5,10,10,0,85,20,7
20,5,10,10,0,85,20,8
20,5,10,10,0,85,20,9
20,5,10,10,0,85,20,10
20,5,10,10,0,85,20,11
20,5,10,10,0,85,20,12
20,5,10,10,0,85,20,13
20,5,10,10,0,85,20,14
20,5,10,10,0,85,20,15
20,5,10,10,0,85,20,16
20,5,10,10,0,85,20,17
20,5,10,10,0,85,20,18
20,5,10,10,0,85,20,19
20,5,10,10,0,85,20,20
20,5,10,10,0,85,25,1
20,5,10,10,0,85,25,2
20,5,10,10,0,85,25,3
20,5,10,10,0,85,25,4
20,5,10,10,0,85,25,5
20,5,10,10,0,85,25,6
20,5,10,10,0,85,25,7
20,5,10,10,0,85,25,8
20,5,10,10,0,85,25,9
20,5,10,10,0,85,25,10
20,5,10,10,0,85,25,11
20,5,10,10,0,85,25,12
20,5,10,10,0,85,25,13
20,5,10,10,0,85,25,14
20,5,10,10,0,85,25,15
20,5,10,10,0,85,25,16
20,5,10,10,0,85,25,17
20,5,10,10,0,85,25,18
20,5,10,10,0,85,25,19
20,5,10,10,0,85,25,20
20,5,10,10,0,85,30,1
20,5,10,10,0,85,30,2
20,5,10,10,0,85,30,3
20,5,10,10,0,85,30,4
20,5,10,10,0,85,30,5
20,5,10,10,0,85,30,6
20,5,10,10,0,85,30,7
20,5,10,10,0,85,30,8
20,5,10,10,0,85,30,9
20,5,10,10,0,85,30,10
20,5,10,10,0,85,30,11
20,5,10,10,0,85,30,12
20,5,10,10,0,85,30,13
20,5,10,10,0,85,30,14
20,5,10,10,0,85,30,15
20,5,10,10,0,85,30,16
20,5,10,10,0,85,30,17
20,5,10,10,0,85,30,18
20,5,10,10,0,85,30,19
20,5,10,10,0,85,30,20
20,5,10,10,0,85,35,1
20,5,10,10,0,85,35,2
20,5,10,10,0,85,35,3
20,5,10,10,0,85,35,4
20,5,10,10,0,85,35,5
20,5,10,10,0,85,35,6
20,5,10,10,0,85,35,7
20,5,10,10,0,85,35,8
20,5,10,10,0,85,35,9
20,5,10,10,0,85,35,10
20,5,10,10,0,85,35,11
20,5,10,10,0,85,35,12
20,5,10,10,0,85,35,13
20,5,10,10,0,85,35,14
20,5,10,10,0,85,35,15
20,5,10,10,0,85,35,16
20,5,10,10,0,85,35,17
20,5,10,10,0,85,35,18
20,5,10,10,0,85,35,19
20,5,10,10,0,85,35,20
20,5,10,10,0,85,40,1
20,5,10,10,0,85,40,2
20,5,10,10,0,85,40,3
20,5,10,10,0,85,40,4
20,5,10,10,0,85,40,5
20,5,10,10,0,85,40,6
20,5,10,10,0,85,40,7
20,5,10,10,0,85,40,8
20,5,10,10,0,85,40,9
20,5,10,10,0,85,40,10
20,5,10,10,0,85,40,11
20,5,10,10,0,85,40,12
20,5,10,10,0,85,40,13
20,5,10,10,0,85,40,14
20,5,10,10,0,85,40,15
20,5,10,10,0,85,40,16
20,5,10,10,0,85,40,17
20,5,10,10,0,85,40,18
20,5,10,10,0,85,40,19
20,5,10,10,0,85,40,20
20,5,10,10,0,90,5,1
20,5,10,10,0,90,5,2
20,5,10,10,0,90,5,3
20,5,10,10,0,90,5,4
20,5,10,10,0,90,5,5
20,5,10,10,0,90,5,6
20,5,10,10,0,90,5,7
20,5,10,10,0,90,5,8
20,5,10,10,0,90,5,9
20,5,10,10,0,90,5,10
20,5,10,10,0,90,5,11
20,5,10,10,0,90,5,12
20,5,10,10,0,90,5,13
20,5,10,10,0,90,5,14
20,5,10,10,0,90,5,15
20,5,10,10,0,90,5,16
20,5,10,10,0,90,5,17
20,5,10,10,0,90,5,18
20,5,10,10,0,90,5,19
20,5,10,10,0,90,5,20
20,5,10,10,0,90,10,1
20,5,10,10,0,90,10,2
20,5,10,10,0,90,10,3
20,5,10,10,0,90,10,4
20,5,10,10,0,90,10,5
20,5,10,10,0,90,10,6
20,5,10,10,0,90,10,7
20,5,10,10,0,90,10,8
20,5,10,10,0,90,10,9
20,5,10,10,0,90,10,10
20,5,10,10,0,90,10,11
20,5,10,10,0,90,10,12
20,5,10,10,0,90,10,13
20,5,10,10,0,90,10,14
20,5,10,10,0,90,10,15
20,5,10,10,0,90,10,16
20,5,10,10,0,90,10,17
20,5,10,10,0,90,10,18
20,5,10,10,0,90,10,19
20,5,10,10,0,90,10,20
20,5,10,10,0,90,15,1
20,5,10,10,0,90,15,2
20,5,10,10,0,90,15,3
20,5,10,10,0,90,15,4
20,5,10,10,0,90,15,5
20,5,10,10,0,90,15,6
20,5,10,10,0,90,15,7
20,5,10,10,0,90,15,8
20,5,10,10,0,90,15,9
20,5,10,10,0,90,15,10
20,5,10,10,0,90,15,11
20,5,10,10,0,90,15,12
20,5,10,10,0,90,15,13
20,5,10,10,0,90,15,14
20,5,10,10,0,90,15,15
20,5,10,10,0,90,15,16
20,5,10,10,0,90,15,17
20,5,10,10,0,90,15,18
20,5,10,10,0,90,15,19
20,5,10,10,0,90,15,20
20,5,10,10,0,90,20,1
20,5,10,10,0,90,20,2
20,5,10,10,0,90,20,3
20,5,10,10,0,90,20,4
20,5,10,10,0,90,20,5
20,5,10,10,0,90,20,6
20,5,10,10,0,90,20,7
20,5,10,10,0,90,20,8
20,5,10,10,0,90,20,9
20,5,10,10,0,90,20,10
20,5,10,10,0,90,20,11
20,5,10,10,0,90,20,12
20,5,10,10,0,90,20,13
20,5,10,10,0,90,20,14
20,5,10,10,0,90,20,15
20,5,10,10,0,90,20,16
20,5,10,10,0,90,20,17
20,5,10,10,0,90,20,18
20,5,10,10,0,90,20,19
20,5,10,10,0,90,20,20
20,5,10,10,0,90,25,1
20,5,10,10,0,90,25,2
20,5,10,10,0,90,25,3
20,5,10,10,0,90,25,4
20,5,10,10,0,90,25,5
20,5,10,10,0,90,25,6
20,5,10,10,0,90,25,7
20,5,10,10,0,90,25,8
20,5,10,10,0,90,25,9
20,5,10,10,0,90,25,10
20,5,10,10,0,90,25,11
20,5,10,10,0,90,25,12
20,5,10,10,0,90,25,13
20,5,10,10,0,90,25,14
20,5,10,10,0,90,25,15
20,5,10,10,0,90,25,16
20,5,10,10,0,90,25,17
20,5,10,10,0,90,25,18
20,5,10,10,0,90,25,19
20,5,10,10,0,90,25,20
20,5,10,10,0,90,30,1
20,5,10,10,0,90,30,2
20,5,10,10,0,90,30,3
20,5,10,10,0,90,30,4
20,5,10,10,0,90,30,5
20,5,10,10,0,90,30,6
20,5,10,10,0,90,30,7
20,5,10,10,0,90,30,8
20,5,10,10,0,90,30,9
20,5,10,10,0,90,30,10
20,5,10,10,0,90,30,11
20,5,10,10,0,90,30,12
20,5,10,10,0,90,30,13
20,5,10,10,0,90,30,14
20,5,10,10,0,90,30,15
20,5,10,10,0,90,30,16
20,5,10,10,0,90,30,17
20,5,10,10,0,90,30,18
20,5,10,10,0,90,30,19
20,5,10,10,0,90,30,20
20,5,10,10,0,90,35,1
20,5,10,10,0,90,35,2
20,5,10,10,0,90,35,3
20,5,10,10,0,90,35,4
20,5,10,10,0,90,35,5
20,5,10,10,0,90,35,6
20,5,10,10,0,90,35,7
20,5,10,10,0,90,35,8
20,5,10,10,0,90,35,9
20,5,10,10,0,90,35,10
20,5,10,10,0,90,35,11
20,5,10,10,0,90,35,12
20,5,10,10,0,90,35,13
20,5,10,10,0,90,35,14
20,5,10,10,0,90,35,15
20,5,10,10,0,90,35,16
20,5,10,10,0,90,35,17
20,5,10,10,0,90,35,18
20,5,10,10,0,90,35,19
20,5,10,10,0,90,35,20
20,5,10,10,0,90,40,1
20,5,10,10,0,90,40,2
20,5,10,10,0,90,40,3
20,5,10,10,0,90,40,4
20,5,10,10,0,90,40,5
20,5,10,10,0,90,40,6
20,5,10,10,0,90,40,7
20,5,10,10,0,90,40,8
20,5,10,10,0,90,40,9
20,5,10,10,0,90,40,10
20,5,10,10,0,90,40,11
20,5,10,10,0,90,40,12
20,5,10,10,0,90,40,13
20,5,10,10,0,90,40,14
20,5,10,10,0,90,40,15
20,5,10,10,0,90,40,16
20,5,10,10,0,90,40,17
20,5,10,10,0,90,40,18
20,5,10,10,0,90,40,19
20,5,10,10,0,90,40,20
20,5,10,10,0,95,5,1
20,5,10,10,0,95,5,2
20,5,10,10,0,95,5,3
20,5,10,10,0,95,5,4
20,5,10,10,0,95,5,5
20,5,10,10,0,95,5,6
20,5,10,10,0,95,5,7
20,5,10,10,0,95,5,8
20,5,10,10,0,95,5,9
20,5,10,10,0,95,5,10
20,5,10,10,0,95,5,11
20,5,10,10,0,95,5,12
20,5,10,10,0,95,5,13
20,5,10,10,0,95,5,14
20,5,10,10,0,95,5,15
20,5,10,10,0,95,5,16
20,5,10,10,0,95,5,17
20,5,10,10,0,95,5,18
20,5,10,10,0,95,5,19
20,5,10,10,0,95,5,20
20,5,10,10,0,95,10,1
20,5,10,10,0,95,10,2
20,5,10,10,0,95,10,3
20,5,10,10,0,95,10,4
20,5,10,10,0,95,10,5
20,5,10,10,0,95,10,6
20,5,10,10,0,95,10,7
20,5,10,10,0,95,10,8
20,5,10,10,0,95,10,9
20,5,10,10,0,95,10,10
20,5,10,10,0,95,10,11
20,5,10,10,0,95,10,12
20,5,10,10,0,95,10,13
20,5,10,10,0,95,10,14
20,5,10,10,0,95,10,15
20,5,10,10,0,95,10,16
20,5,10,10,0,95,10,17
20,5,10,10,0,95,10,18
20,5,10,10,0,95,10,19
20,5,10,10,0,95,10,20
20,5,10,10,0,95,15,1
20,5,10,10,0,95,15,2
20,5,10,10,0,95,15,3
20,5,10,10,0,95,15,4
20,5,10,10,0,95,15,5
20,5,10,10,0,95,15,6
20,5,10,10,0,95,15,7
20,5,10,10,0,95,15,8
20,5,10,10,0,95,15,9
20,5,10,10,0,95,15,10
20,5,10,10,0,95,15,11
20,5,10,10,0,95,15,12
20,5,10,10,0,95,15,13
20,5,10,10,0,95,15,14
20,5,10,10,0,95,15,15
20,5,10,10,0,95,15,16
20,5,10,10,0,95,15,17
20,5,10,10,0,95,15,18
20,5,10,10,0,95,15,19
20,5,10,10,0,95,15,20
20,5,10,10,0,95,20,1
20,5,10,10,0,95,20,2
20,5,10,10,0,95,20,3
20,5,10,10,0,95,20,4
20,5,10,10,0,95,20,5
20,5,10,10,0,95,20,6
20,5,10,10,0,95,20,7
20,5,10,10,0,95,20,8
20,5,10,10,0,95,20,9
20,5,10,10,0,95,20,10
20,5,10,10,0,95,20,11
20,5,10,10,0,95,20,12
20,5,10,10,0,95,20,13
20,5,10,10,0,95,20,14
20,5,10,10,0,95,20,15
20,5,10,10,0,95,20,16
20,5,10,10,0,95,20,17
20,5,10,10,0,95,20,18
20,5,10,10,0,95,20,19
20,5,10,10,0,95,20,20
20,5,10,10,0,95,25,1
20,5,10,10,0,95,25,2
20,5,10,10,0,95,25,3
20,5,10,10,0,95,25,4
20,5,10,10,0,95,25,5
20,5,10,10,0,95,25,6
20,5,10,10,0,95,25,7
20,5,10,10,0,95,25,8
20,5,10,10,0,95,25,9
20,5,10,10,0,95,25,10
20,5,10,10,0,95,25,11
20,5,10,10,0,95,25,12
20,5,10,10,0,95,25,13
20,5,10,10,0,95,25,14
20,5,10,10,0,95,25,15
20,5,10,10,0,95,25,16
20,5,10,10,0,95,25,17
20,5,10,10,0,95,25,18
20,5,10,10,0,95,25,19
20,5,10,10,0,95,25,20
20,5,10,10,0,95,30,1
20,5,10,10,0,95,30,2
20,5,10,10,0,95,30,3
20,5,10,10,0,95,30,4
20,5,10,10,0,95,30,5
20,5,10,10,0,95,30,6
20,5,10,10,0,95,30,7
20,5,10,10,0,95,30,8
20,5,10,10,0,95,30,9
20,5,10,10,0,95,30,10
20,5,10,10,0,95,30,11
20,5,10,10,0,95,30,12
20,5,10,10,0,95,30,13
20,5,10,10,0,95,30,14
20,5,10,10,0,95,30,15
20,5,10,10,0,95,30,16
20,5,10,10,0,95,30,17
20,5,10,10,0,95,30,18
20,5,10,10,0,95,30,19
20,5,10,10,0,95,30,20
20,5,10,10,0,95,35,1
20,5,10,10,0,95,35,2
20,5,10,10,0,95,35,3
20,5,10,10,0,95,35,4
20,5,10,10,0,95,35,5
20,5,10,10,0,95,35,6
20,5,10,10,0,95,35,7
20,5,10,10,0,95,35,8
20,5,10,10,0,95,35,9
20,5,10,10,0,95,35,10
20,5,10,10,0,95,35,11
20,5,10,10,0,95,35,12
20,5,10,10,0,95,35,13
20,5,10,10,0,95,35,14
20,5,10,10,0,95,35,15
20,5,10,10,0,95,35,16
20,5,10,10,0,95,35,17
20,5,10,10,0,95,35,18
20,5,10,10,0,95,35,19
20,5,10,10,0,95,35,20
20,5,10,10,0,95,40,1
20,5,10,10,0,95,40,2
20,5,10,10,0,95,40,3
20,5,10,10,0,95,40,4
20,5,10,10,0,95,40,5
20,5,10,10,0,95,40,6
20,5,10,10,0,95,40,7
20,5,10,10,0,95,40,8
20,5,10,10,0,95,40,9
20,5,10,10,0,95,40,10
20,5,10,10,0,95,40,11
20,5,10,10,0,95,40,12
20,5,10,10,0,95,40,13
20,5,10,10,0,95,40,14
20,5,10,10,0,95,40,15
20,5,10,10,0,95,40,16
20,5,10,10,0,95,40,17
20,5,10,10,0,95,40,18
20,5,10,10,0,95,40,19
20,5,10,10,0,95,40,20
20,5,10,10,0,100,5,1
20,5,10,10,0,100,5,2
20,5,10,10,0,100,5,3
20,5,10,10,0,100,5,4
20,5,10,10,0,100,5,5
20,5,10,10,0,100,5,6
20,5,10,10,0,100,5,7
20,5,10,10,0,100,5,8
20,5,10,10,0,100,5,9
20,5,10,10,0,100,5,10
20,5,10,10,0,100,5,11
20,5,10,10,0,100,5,12
20,5,10,10,0,100,5,13
20,5,10,10,0,100,5,14
20,5,10,10,0,100,5,15
20,5,10,10,0,100,5,16
20,5,10,10,0,100,5,17
20,5,10,10,0,100,5,18
20,5,10,10,0,100,5,19
20,5,10,10,0,100,5,20
20,5,10,10,0,100,10,1
20,5,10,10,0,100,10,2
20,5,10,10,0,100,10,3
20,5,10,10,0,100,10,4
20,5,10,10,0,100,10,5
20,5,10,10,0,100,10,6
20,5,10,10,0,100,10,7
20,5,10,10,0,100,10,8
20,5,10,10,0,100,10,9
20,5,10,10,0,100,10,10
20,5,10,10,0,100,10,11
20,5,10,10,0,100,10,12
20,5,10,10,0,100,10,13
20,5,10,10,0,100,10,14
20,5,10,10,0,100,10,15
20,5,10,10,0,100,10,16
20,5,10,10,0,100,10,17
20,5,10,10,0,100,10,18
20,5,10,10,0,100,10,19
20,5,10,10,0,100,10,20
20,5,10,10,0,100,15,1
20,5,10,10,0,100,15,2
20,5,10,10,0,100,15,3
20,5,10,10,0,100,15,4
20,5,10,10,0,100,15,5
20,5,10,10,0,100,15,6
20,5,10,10,0,100,15,7
20,5,10,10,0,100,15,8
20,5,10,10,0,100,15,9
20,5,10,10,0,100,15,10
20,5,10,10,0,100,15,11
20,5,10,10,0,100,15,12
20,5,10,10,0,100,15,13
20,5,10,10,0,100,15,14
20,5,10,10,0,100,15,15
20,5,10,10,0,100,15,16
20,5,10,10,0,100,15,17
20,5,10,10,0,100,15,18
20,5,10,10,0,100,15,19
20,5,10,10,0,100,15,20
20,5,10,10,0,100,20,1
20,5,10,10,0,100,20,2
20,5,10,10,0,100,20,3
20,5,10,10,0,100,20,4
20,5,10,10,0,100,20,5
20,5,10,10,0,100,20,6
20,5,10,10,0,100,20,7
20,5,10,10,0,100,20,8
20,5,10,10,0,100,20,9
20,5,10,10,0,100,20,10
20,5,10,10,0,100,20,11
20,5,10,10,0,100,20,12
20,5,10,10,0,100,20,13
20,5,10,10,0,100,20,14
20,5,10,10,0,100,20,15
20,5,10,10,0,100,20,16
20,5,10,10,0,100,20,17
20,5,10,10,0,100,20,18
20,5,10,10,0,100,20,19
20,5,10,10,0,100,20,20
20,5,10,10,0,100,25,1
20,5,10,10,0,100,25,2
20,5,10,10,0,100,25,3
20,5,10,10,0,100,25,4
20,5,10,10,0,100,25,5
20,5,10,10,0,100,25,6
20,5,10,10,0,100,25,7
20,5,10,10,0,100,25,8
20,5,10,10,0,100,25,9
20,5,10,10,0,100,25,10
20,5,10,10,0,100,25,11
20,5,10,10,0,100,25,12
20,5,10,10,0,100,25,13
20,5,10,10,0,100,25,14
20,5,10,10,0,100,25,15
20,5,10,10,0,100,25,16
20,5,10,10,0,100,25,17
20,5,10,10,0,100,25,18
20,5,10,10,0,100,25,19
20,5,10,10,0,100,25,20
20,5,10,10,0,100,30,1
20,5,10,10,0,100,30,2
20,5,10,10,0,100,30,3
20,5,10,10,0,100,30,4
20,5,10,10,0,100,30,5
20,5,10,10,0,100,30,6
20,5,10,10,0,100,30,7
20,5,10,10,0,100,30,8
20,5,10,10,0,100,30,9
20,5,10,10,0,100,30,10
20,5,10,10,0,100,30,11
20,5,10,10,0,100,30,12
20,5,10,10,0,100,30,13
20,5,10,10,0,100,30,14
20,5,10,10,0,100,30,15
20,5,10,10,0,100,30,16
20,5,10,10,0,100,30,17
20,5,10,10,0,100,30,18
20,5,10,10,0,100,30,19
20,5,10,10,0,100,30,20
20,5,10,10,0,100,35,1
20,5,10,10,0,100,35,2
20,5,10,10,0,100,35,3
20,5,10,10,0,100,35,4
20,5,10,10,0,100,35,5
20,5,10,10,0,100,35,6
20,5,10,10,0,100,35,7
20,5,10,10,0,100,35,8
20,5,10,10,0,100,35,9
20,5,10,10,0,100,35,10
20,5,10,10,0,100,35,11
20,5,10,10,0,100,35,12
20,5,10,10,0,100,35,13
20,5,10,10,0,100,35,14
20,5,10,10,0,100,35,15
20,5,10,10,0,100,35,16
20,5,10,10,0,100,35,17
20,5,10,10,0,100,35,18
20,5,10,10,0,100,35,19
20,5,10,10,0,100,35,20
20,5,10,10,0,100,40,1
20,5,10,10,0,100,40,2
20,5,10,10,0,100,40,3
20,5,10,10,0,100,40,4
20,5,10,10,0,100,40,5
20,5,10,10,0,100,40,6
20,5,10,10,0,100,40,7
20,5,10,10,0,100,40,8
20,5,10,10,0,100,40,9
20,5,10,10,0,100,40,10
20,5,10,10,0,100,40,11
20,5,10,10,0,100,40,12
20,5,10,10,0,100,40,13
20,5,10,10,0,100,40,14
20,5,10,10,0,100,40,15
20,5,10,10,0,100,40,16
20,5,10,10,0,100,40,17
20,5,10,10,0,100,40,18
20,5,10,10,0,100,40,19
20,5,10,10,0,100,40,20
