10,11.5,7.5,10,0,10,10,1
10,11.5,7.5,10,0,10,10,2
10,11.5,7.5,10,0,10,10,3
10,11.5,7.5,10,0,10,10,4
10,11.5,7.5,10,0,10,10,5
10,11.5,7.5,10,0,10,10,6
10,11.5,7.5,10,0,10,10,7
10,11.5,7.5,10,0,10,10,8
10,11.5,7.5,10,0,10,10,9
10,11.5,7.5,10,0,10,10,10
10,11.5,7.5,10,0,10,10,11
10,11.5,7.5,10,0,10,10,12
10,11.5,7.5,10,0,10,10,13
10,11.5,7.5,10,0,10,10,14
10,11.5,7.5,10,0,10,10,15
10,11.5,7.5,10,0,10,10,16
10,11.5,7.5,10,0,10,10,17
10,11.5,7.5,10,0,10,10,18
10,11.5,7.5,10,0,10,10,19
10,11.5,7.5,10,0,10,10,20
10,11.5,7.5,10,0,10,10,21
10,11.5,7.5,10,0,10,10,22
10,11.5,7.5,10,0,10,10,23
10,11.5,7.5,10,0,10,10,24
10,11.5,7.5,10,0,10,10,25
10,11.5,7.5,10,0,10,10,26
10,11.5,7.5,10,0,10,10,27
10,11.5,7.5,10,0,10,10,28
10,11.5,7.5,10,0,10,10,29
10,11.5,7.5,10,0,10,10,30
10,11.5,7.5,10,0,10,10,31
10,11.5,7.5,10,0,10,10,32
10,11.5,7.5,10,0,10,10,33
10,11.5,7.5,10,0,10,10,34
10,11.5,7.5,10,0,10,10,35
10,11.5,7.5,10,0,10,10,36
10,11.5,7.5,10,0,10,10,37
10,11.5,7.5,10,0,10,10,38
10,11.5,7.5,10,0,10,10,39
10,11.5,7.5,10,0,10,10,40
10,11.5,7.5,10,0,10,10,41
10,11.5,7.5,10,0,10,10,42
10,11.5,7.5,10,0,10,10,43
10,11.5,7.5,10,0,10,10,44
10,11.5,7.5,10,0,10,10,45
10,11.5,7.5,10,0,10,10,46
10,11.5,7.5,10,0,10,10,47
10,11.5,7.5,10,0,10,10,48
10,11.5,7.5,10,0,10,10,49
10,11.5,7.5,10,0,10,10,50
10,11.5,8,10,0,10,10,1
10,11.5,8,10,0,10,10,2
10,11.5,8,10,0,10,10,3
10,11.5,8,10,0,10,10,4
10,11.5,8,10,0,10,10,5
10,11.5,8,10,0,10,10,6
10,11.5,8,10,0,10,10,7
10,11.5,8,10,0,10,10,8
10,11.5,8,10,0,10,10,9
10,11.5,8,10,0,10,10,10
10,11.5,8,10,0,10,10,11
10,11.5,8,10,0,10,10,12
10,11.5,8,10,0,10,10,13
10,11.5,8,10,0,10,10,14
10,11.5,8,10,0,10,10,15
10,11.5,8,10,0,10,10,16
10,11.5,8,10,0,10,10,17
10,11.5,8,10,0,10,10,18
10,11.5,8,10,0,10,10,19
10,11.5,8,10,0,10,10,20
10,11.5,8,10,0,10,10,21
10,11.5,8,10,0,10,10,22
10,11.5,8,10,0,10,10,23
10,11.5,8,10,0,10,10,24
10,11.5,8,10,0,10,10,25
10,11.5,8,10,0,10,10,26
10,11.5,8,10,0,10,10,27
10,11.5,8,10,0,10,10,28
10,11.5,8,10,0,10,10,29
10,11.5,8,10,0,10,10,30
10,11.5,8,10,0,10,10,31
10,11.5,8,10,0,10,10,32
10,11.5,8,10,0,10,10,33
10,11.5,8,10,0,10,10,34
10,11.5,8,10,0,10,10,35
10,11.5,8,10,0,10,10,36
10,11.5,8,10,0,10,10,37
10,11.5,8,10,0,10,10,38
10,11.5,8,10,0,10,10,39
10,11.5,8,10,0,10,10,40
10,11.5,8,10,0,10,10,41
10,11.5,8,10,0,10,10,42
10,11.5,8,10,0,10,10,43
10,11.5,8,10,0,10,10,44
10,11.5,8,10,0,10,10,45
10,11.5,8,10,0,10,10,46
10,11.5,8,10,0,10,10,47
10,11.5,8,10,0,10,10,48
10,11.5,8,10,0,10,10,49
10,11.5,8,10,0,10,10,50
10,11.5,8.5,10,0,10,10,1
10,11.5,8.5,10,0,10,10,2
10,11.5,8.5,10,0,10,10,3
10,11.5,8.5,10,0,10,10,4
10,11.5,8.5,10,0,10,10,5
10,11.5,8.5,10,0,10,10,6
10,11.5,8.5,10,0,10,10,7
10,11.5,8.5,10,0,10,10,8
10,11.5,8.5,10,0,10,10,9
10,11.5,8.5,10,0,10,10,10
10,11.5,8.5,10,0,10,10,11
10,11.5,8.5,10,0,10,10,12
10,11.5,8.5,10,0,10,10,13
10,11.5,8.5,10,0,10,10,14
10,11.5,8.5,10,0,10,10,15
10,11.5,8.5,10,0,10,10,16
10,11.5,8.5,10,0,10,10,17
10,11.5,8.5,10,0,10,10,18
10,11.5,8.5,10,0,10,10,19
10,11.5,8.5,10,0,10,10,20
10,11.5,8.5,10,0,10,10,21
10,11.5,8.5,10,0,10,10,22
10,11.5,8.5,10,0,10,10,23
10,11.5,8.5,10,0,10,10,24
10,11.5,8.5,10,0,10,10,25
10,11.5,8.5,10,0,10,10,26
10,11.5,8.5,10,0,10,10,27
10,11.5,8.5,10,0,10,10,28
10,11.5,8.5,10,0,10,10,29
10,11.5,8.5,10,0,10,10,30
10,11.5,8.5,10,0,10,10,31
10,11.5,8.5,10,0,10,10,32
10,11.5,8.5,10,0,10,10,33
10,11.5,8.5,10,0,10,10,34
10,11.5,8.5,10,0,10,10,35
10,11.5,8.5,10,0,10,10,36
10,11.5,8.5,10,0,10,10,37
10,11.5,8.5,10,0,10,10,38
10,11.5,8.5,10,0,10,10,39
10,11.5,8.5,10,0,10,10,40
10,11.5,8.5,10,0,10,10,41
10,11.5,8.5,10,0,10,10,42
10,11.5,8.5,10,0,10,10,43
10,11.5,8.5,10,0,10,10,44
10,11.5,8.5,10,0,10,10,45
10,11.5,8.5,10,0,10,10,46
10,11.5,8.5,10,0,10,10,47
10,11.5,8.5,10,0,10,10,48
10,11.5,8.5,10,0,10,10,49
10,11.5,8.5,10,0,10,10,50
10,11.5,9,10,0,10,10,1
10,11.5,9,10,0,10,10,2
10,11.5,9,10,0,10,10,3
10,11.5,9,10,0,10,10,4
10,11.5,9,10,0,10,10,5
10,11.5,9,10,0,10,10,6
10,11.5,9,10,0,10,10,7
10,11.5,9,10,0,10,10,8
10,11.5,9,10,0,10,10,9
10,11.5,9,10,0,10,10,10
10,11.5,9,10,0,10,10,11
10,11.5,9,10,0,10,10,12
10,11.5,9,10,0,10,10,13
10,11.5,9,10,0,10,10,14
10,11.5,9,10,0,10,10,15
10,11.5,9,10,0,10,10,16
10,11.5,9,10,0,10,10,17
10,11.5,9,10,0,10,10,18
10,11.5,9,10,0,10,10,19
10,11.5,9,10,0,10,10,20
10,11.5,9,10,0,10,10,21
10,11.5,9,10,0,10,10,22
10,11.5,9,10,0,10,10,23
10,11.5,9,10,0,10,10,24
10,11.5,9,10,0,10,10,25
10,11.5,9,10,0,10,10,26
10,11.5,9,10,0,10,10,27
10,11.5,9,10,0,10,10,28
10,11.5,9,10,0,10,10,29
10,11.5,9,10,0,10,10,30
10,11.5,9,10,0,10,10,31
10,11.5,9,10,0,10,10,32
10,11.5,9,10,0,10,10,33
10,11.5,9,10,0,10,10,34
10,11.5,9,10,0,10,10,35
10,11.5,9,10,0,10,10,36
10,11.5,9,10,0,10,10,37
10,11.5,9,10,0,10,10,38
10,11.5,9,10,0,10,10,39
10,11.5,9,10,0,10,10,40
10,11.5,9,10,0,10,10,41
10,11.5,9,10,0,10,10,42
10,11.5,9,10,0,10,10,43
10,11.5,9,10,0,10,10,44
10,11.5,9,10,0,10,10,45
10,11.5,9,10,0,10,10,46
10,11.5,9,10,0,10,10,47
10,11.5,9,10,0,10,10,48
10,11.5,9,10,0,10,10,49
10,11.5,9,10,0,10,10,50
10,11.5,9.5,10,0,10,10,1
10,11.5,9.5,10,0,10,10,2
10,11.5,9.5,10,0,10,10,3
10,11.5,9.5,10,0,10,10,4
10,11.5,9.5,10,0,10,10,5
10,11.5,9.5,10,0,10,10,6
10,11.5,9.5,10,0,10,10,7
10,11.5,9.5,10,0,10,10,8
10,11.5,9.5,10,0,10,10,9
10,11.5,9.5,10,0,10,10,10
10,11.5,9.5,10,0,10,10,11
10,11.5,9.5,10,0,10,10,12
10,11.5,9.5,10,0,10,10,13
10,11.5,9.5,10,0,10,10,14
10,11.5,9.5,10,0,10,10,15
10,11.5,9.5,10,0,10,10,16
10,11.5,9.5,10,0,10,10,17
10,11.5,9.5,10,0,10,10,18
10,11.5,9.5,10,0,10,10,19
10,11.5,9.5,10,0,10,10,20
10,11.5,9.5,10,0,10,10,21
10,11.5,9.5,10,0,10,10,22
10,11.5,9.5,10,0,10,10,23
10,11.5,9.5,10,0,10,10,24
10,11.5,9.5,10,0,10,10,25
10,11.5,9.5,10,0,10,10,26
10,11.5,9.5,10,0,10,10,27
10,11.5,9.5,10,0,10,10,28
10,11.5,9.5,10,0,10,10,29
10,11.5,9.5,10,0,10,10,30
10,11.5,9.5,10,0,10,10,31
10,11.5,9.5,10,0,10,10,32
10,11.5,9.5,10,0,10,10,33
10,11.5,9.5,10,0,10,10,34
10,11.5,9.5,10,0,10,10,35
10,11.5,9.5,10,0,10,10,36
10,11.5,9.5,10,0,10,10,37
10,11.5,9.5,10,0,10,10,38
10,11.5,9.5,10,0,10,10,39
10,11.5,9.5,10,0,10,10,40
10,11.5,9.5,10,0,10,10,41
10,11.5,9.5,10,0,10,10,42
10,11.5,9.5,10,0,10,10,43
10,11.5,9.5,10,0,10,10,44
10,11.5,9.5,10,0,10,10,45
10,11.5,9.5,10,0,10,10,46
10,11.5,9.5,10,0,10,10,47
10,11.5,9.5,10,0,10,10,48
10,11.5,9.5,10,0,10,10,49
10,11.5,9.5,10,0,10,10,50
10,11.5,10,10,0,10,10,1
10,11.5,10,10,0,10,10,2
10,11.5,10,10,0,10,10,3
10,11.5,10,10,0,10,10,4
10,11.5,10,10,0,10,10,5
10,11.5,10,10,0,10,10,6
10,11.5,10,10,0,10,10,7
10,11.5,10,10,0,10,10,8
10,11.5,10,10,0,10,10,9
10,11.5,10,10,0,10,10,10
10,11.5,10,10,0,10,10,11
10,11.5,10,10,0,10,10,12
10,11.5,10,10,0,10,10,13
10,11.5,10,10,0,10,10,14
10,11.5,10,10,0,10,10,15
10,11.5,10,10,0,10,10,16
10,11.5,10,10,0,10,10,17
10,11.5,10,10,0,10,10,18
10,11.5,10,10,0,10,10,19
10,11.5,10,10,0,10,10,20
10,11.5,10,10,0,10,10,21
10,11.5,10,10,0,10,10,22
10,11.5,10,10,0,10,10,23
10,11.5,10,10,0,10,10,24
10,11.5,10,10,0,10,10,25
10,11.5,10,10,0,10,10,26
10,11.5,10,10,0,10,10,27
10,11.5,10,10,0,10,10,28
10,11.5,10,10,0,10,10,29
10,11.5,10,10,0,10,10,30
10,11.5,10,10,0,10,10,31
10,11.5,10,10,0,10,10,32
10,11.5,10,10,0,10,10,33
10,11.5,10,10,0,10,10,34
10,11.5,10,10,0,10,10,35
10,11.5,10,10,0,10,10,36
10,11.5,10,10,0,10,10,37
10,11.5,10,10,0,10,10,38
10,11.5,10,10,0,10,10,39
10,11.5,10,10,0,10,10,40
10,11.5,10,10,0,10,10,41
10,11.5,10,10,0,10,10,42
10,11.5,10,10,0,10,10,43
10,11.5,10,10,0,10,10,44
10,11.5,10,10,0,10,10,45
10,11.5,10,10,0,10,10,46
10,11.5,10,10,0,10,10,47
10,11.5,10,10,0,10,10,48
10,11.5,10,10,0,10,10,49
10,11.5,10,10,0,10,10,50
10,11.5,10.5,10,0,10,10,1
10,11.5,10.5,10,0,10,10,2
10,11.5,10.5,10,0,10,10,3
10,11.5,10.5,10,0,10,10,4
10,11.5,10.5,10,0,10,10,5
10,11.5,10.5,10,0,10,10,6
10,11.5,10.5,10,0,10,10,7
10,11.5,10.5,10,0,10,10,8
10,11.5,10.5,10,0,10,10,9
10,11.5,10.5,10,0,10,10,10
10,11.5,10.5,10,0,10,10,11
10,11.5,10.5,10,0,10,10,12
10,11.5,10.5,10,0,10,10,13
10,11.5,10.5,10,0,10,10,14
10,11.5,10.5,10,0,10,10,15
10,11.5,10.5,10,0,10,10,16
10,11.5,10.5,10,0,10,10,17
10,11.5,10.5,10,0,10,10,18
10,11.5,10.5,10,0,10,10,19
10,11.5,10.5,10,0,10,10,20
10,11.5,10.5,10,0,10,10,21
10,11.5,10.5,10,0,10,10,22
10,11.5,10.5,10,0,10,10,23
10,11.5,10.5,10,0,10,10,24
10,11.5,10.5,10,0,10,10,25
10,11.5,10.5,10,0,10,10,26
10,11.5,10.5,10,0,10,10,27
10,11.5,10.5,10,0,10,10,28
10,11.5,10.5,10,0,10,10,29
10,11.5,10.5,10,0,10,10,30
10,11.5,10.5,10,0,10,10,31
10,11.5,10.5,10,0,10,10,32
10,11.5,10.5,10,0,10,10,33
10,11.5,10.5,10,0,10,10,34
10,11.5,10.5,10,0,10,10,35
10,11.5,10.5,10,0,10,10,36
10,11.5,10.5,10,0,10,10,37
10,11.5,10.5,10,0,10,10,38
10,11.5,10.5,10,0,10,10,39
10,11.5,10.5,10,0,10,10,40
10,11.5,10.5,10,0,10,10,41
10,11.5,10.5,10,0,10,10,42
10,11.5,10.5,10,0,10,10,43
10,11.5,10.5,10,0,10,10,44
10,11.5,10.5,10,0,10,10,45
10,11.5,10.5,10,0,10,10,46
10,11.5,10.5,10,0,10,10,47
10,11.5,10.5,10,0,10,10,48
10,11.5,10.5,10,0,10,10,49
10,11.5,10.5,10,0,10,10,50
10,11.5,11,10,0,10,10,1
10,11.5,11,10,0,10,10,2
10,11.5,11,10,0,10,10,3
10,11.5,11,10,0,10,10,4
10,11.5,11,10,0,10,10,5
10,11.5,11,10,0,10,10,6
10,11.5,11,10,0,10,10,7
10,11.5,11,10,0,10,10,8
10,11.5,11,10,0,10,10,9
10,11.5,11,10,0,10,10,10
10,11.5,11,10,0,10,10,11
10,11.5,11,10,0,10,10,12
10,11.5,11,10,0,10,10,13
10,11.5,11,10,0,10,10,14
10,11.5,11,10,0,10,10,15
10,11.5,11,10,0,10,10,16
10,11.5,11,10,0,10,10,17
10,11.5,11,10,0,10,10,18
10,11.5,11,10,0,10,10,19
10,11.5,11,10,0,10,10,20
10,11.5,11,10,0,10,10,21
10,11.5,11,10,0,10,10,22
10,11.5,11,10,0,10,10,23
10,11.5,11,10,0,10,10,24
10,11.5,11,10,0,10,10,25
10,11.5,11,10,0,10,10,26
10,11.5,11,10,0,10,10,27
10,11.5,11,10,0,10,10,28
10,11.5,11,10,0,10,10,29
10,11.5,11,10,0,10,10,30
10,11.5,11,10,0,10,10,31
10,11.5,11,10,0,10,10,32
10,11.5,11,10,0,10,10,33
10,11.5,11,10,0,10,10,34
10,11.5,11,10,0,10,10,35
10,11.5,11,10,0,10,10,36
10,11.5,11,10,0,10,10,37
10,11.5,11,10,0,10,10,38
10,11.5,11,10,0,10,10,39
10,11.5,11,10,0,10,10,40
10,11.5,11,10,0,10,10,41
10,11.5,11,10,0,10,10,42
10,11.5,11,10,0,10,10,43
10,11.5,11,10,0,10,10,44
10,11.5,11,10,0,10,10,45
10,11.5,11,10,0,10,10,46
10,11.5,11,10,0,10,10,47
10,11.5,11,10,0,10,10,48
10,11.5,11,10,0,10,10,49
10,11.5,11,10,0,10,10,50
10,11.5,11.5,10,0,10,10,1
10,11.5,11.5,10,0,10,10,2
10,11.5,11.5,10,0,10,10,3
10,11.5,11.5,10,0,10,10,4
10,11.5,11.5,10,0,10,10,5
10,11.5,11.5,10,0,10,10,6
10,11.5,11.5,10,0,10,10,7
10,11.5,11.5,10,0,10,10,8
10,11.5,11.5,10,0,10,10,9
10,11.5,11.5,10,0,10,10,10
10,11.5,11.5,10,0,10,10,11
10,11.5,11.5,10,0,10,10,12
10,11.5,11.5,10,0,10,10,13
10,11.5,11.5,10,0,10,10,14
10,11.5,11.5,10,0,10,10,15
10,11.5,11.5,10,0,10,10,16
10,11.5,11.5,10,0,10,10,17
10,11.5,11.5,10,0,10,10,18
10,11.5,11.5,10,0,10,10,19
10,11.5,11.5,10,0,10,10,20
10,11.5,11.5,10,0,10,10,21
10,11.5,11.5,10,0,10,10,22
10,11.5,11.5,10,0,10,10,23
10,11.5,11.5,10,0,10,10,24
10,11.5,11.5,10,0,10,10,25
10,11.5,11.5,10,0,10,10,26
10,11.5,11.5,10,0,10,10,27
10,11.5,11.5,10,0,10,10,28
10,11.5,11.5,10,0,10,10,29
10,11.5,11.5,10,0,10,10,30
10,11.5,11.5,10,0,10,10,31
10,11.5,11.5,10,0,10,10,32
10,11.5,11.5,10,0,10,10,33
10,11.5,11.5,10,0,10,10,34
10,11.5,11.5,10,0,10,10,35
10,11.5,11.5,10,0,10,10,36
10,11.5,11.5,10,0,10,10,37
10,11.5,11.5,10,0,10,10,38
10,11.5,11.5,10,0,10,10,39
10,11.5,11.5,10,0,10,10,40
10,11.5,11.5,10,0,10,10,41
10,11.5,11.5,10,0,10,10,42
10,11.5,11.5,10,0,10,10,43
10,11.5,11.5,10,0,10,10,44
10,11.5,11.5,10,0,10,10,45
10,11.5,11.5,10,0,10,10,46
10,11.5,11.5,10,0,10,10,47
10,11.5,11.5,10,0,10,10,48
10,11.5,11.5,10,0,10,10,49
10,11.5,11.5,10,0,10,10,50
10,11.5,12,10,0,10,10,1
10,11.5,12,10,0,10,10,2
10,11.5,12,10,0,10,10,3
10,11.5,12,10,0,10,10,4
10,11.5,12,10,0,10,10,5
10,11.5,12,10,0,10,10,6
10,11.5,12,10,0,10,10,7
10,11.5,12,10,0,10,10,8
10,11.5,12,10,0,10,10,9
10,11.5,12,10,0,10,10,10
10,11.5,12,10,0,10,10,11
10,11.5,12,10,0,10,10,12
10,11.5,12,10,0,10,10,13
10,11.5,12,10,0,10,10,14
10,11.5,12,10,0,10,10,15
10,11.5,12,10,0,10,10,16
10,11.5,12,10,0,10,10,17
10,11.5,12,10,0,10,10,18
10,11.5,12,10,0,10,10,19
10,11.5,12,10,0,10,10,20
10,11.5,12,10,0,10,10,21
10,11.5,12,10,0,10,10,22
10,11.5,12,10,0,10,10,23
10,11.5,12,10,0,10,10,24
10,11.5,12,10,0,10,10,25
10,11.5,12,10,0,10,10,26
10,11.5,12,10,0,10,10,27
10,11.5,12,10,0,10,10,28
10,11.5,12,10,0,10,10,29
10,11.5,12,10,0,10,10,30
10,11.5,12,10,0,10,10,31
10,11.5,12,10,0,10,10,32
10,11.5,12,10,0,10,10,33
10,11.5,12,10,0,10,10,34
10,11.5,12,10,0,10,10,35
10,11.5,12,10,0,10,10,36
10,11.5,12,10,0,10,10,37
10,11.5,12,10,0,10,10,38
10,11.5,12,10,0,10,10,39
10,11.5,12,10,0,10,10,40
10,11.5,12,10,0,10,10,41
10,11.5,12,10,0,10,10,42
10,11.5,12,10,0,10,10,43
10,11.5,12,10,0,10,10,44
10,11.5,12,10,0,10,10,45
10,11.5,12,10,0,10,10,46
10,11.5,12,10,0,10,10,47
10,11.5,12,10,0,10,10,48
10,11.5,12,10,0,10,10,49
10,11.5,12,10,0,10,10,50
10,12,5,10,0,10,10,1
10,12,5,10,0,10,10,2
10,12,5,10,0,10,10,3
10,12,5,10,0,10,10,4
10,12,5,10,0,10,10,5
10,12,5,10,0,10,10,6
10,12,5,10,0,10,10,7
10,12,5,10,0,10,10,8
10,12,5,10,0,10,10,9
10,12,5,10,0,10,10,10
10,12,5,10,0,10,10,11
10,12,5,10,0,10,10,12
10,12,5,10,0,10,10,13
10,12,5,10,0,10,10,14
10,12,5,10,0,10,10,15
10,12,5,10,0,10,10,16
10,12,5,10,0,10,10,17
10,12,5,10,0,10,10,18
10,12,5,10,0,10,10,19
10,12,5,10,0,10,10,20
10,12,5,10,0,10,10,21
10,12,5,10,0,10,10,22
10,12,5,10,0,10,10,23
10,12,5,10,0,10,10,24
10,12,5,10,0,10,10,25
10,12,5,10,0,10,10,26
10,12,5,10,0,10,10,27
10,12,5,10,0,10,10,28
10,12,5,10,0,10,10,29
10,12,5,10,0,10,10,30
10,12,5,10,0,10,10,31
10,12,5,10,0,10,10,32
10,12,5,10,0,10,10,33
10,12,5,10,0,10,10,34
10,12,5,10,0,10,10,35
10,12,5,10,0,10,10,36
10,12,5,10,0,10,10,37
10,12,5,10,0,10,10,38
10,12,5,10,0,10,10,39
10,12,5,10,0,10,10,40
10,12,5,10,0,10,10,41
10,12,5,10,0,10,10,42
10,12,5,10,0,10,10,43
10,12,5,10,0,10,10,44
10,12,5,10,0,10,10,45
10,12,5,10,0,10,10,46
10,12,5,10,0,10,10,47
10,12,5,10,0,10,10,48
10,12,5,10,0,10,10,49
10,12,5,10,0,10,10,50
10,12,5.5,10,0,10,10,1
10,12,5.5,10,0,10,10,2
10,12,5.5,10,0,10,10,3
10,12,5.5,10,0,10,10,4
10,12,5.5,10,0,10,10,5
10,12,5.5,10,0,10,10,6
10,12,5.5,10,0,10,10,7
10,12,5.5,10,0,10,10,8
10,12,5.5,10,0,10,10,9
10,12,5.5,10,0,10,10,10
10,12,5.5,10,0,10,10,11
10,12,5.5,10,0,10,10,12
10,12,5.5,10,0,10,10,13
10,12,5.5,10,0,10,10,14
10,12,5.5,10,0,10,10,15
10,12,5.5,10,0,10,10,16
10,12,5.5,10,0,10,10,17
10,12,5.5,10,0,10,10,18
10,12,5.5,10,0,10,10,19
10,12,5.5,10,0,10,10,20
10,12,5.5,10,0,10,10,21
10,12,5.5,10,0,10,10,22
10,12,5.5,10,0,10,10,23
10,12,5.5,10,0,10,10,24
10,12,5.5,10,0,10,10,25
10,12,5.5,10,0,10,10,26
10,12,5.5,10,0,10,10,27
10,12,5.5,10,0,10,10,28
10,12,5.5,10,0,10,10,29
10,12,5.5,10,0,10,10,30
10,12,5.5,10,0,10,10,31
10,12,5.5,10,0,10,10,32
10,12,5.5,10,0,10,10,33
10,12,5.5,10,0,10,10,34
10,12,5.5,10,0,10,10,35
10,12,5.5,10,0,10,10,36
10,12,5.5,10,0,10,10,37
10,12,5.5,10,0,10,10,38
10,12,5.5,10,0,10,10,39
10,12,5.5,10,0,10,10,40
10,12,5.5,10,0,10,10,41
10,12,5.5,10,0,10,10,42
10,12,5.5,10,0,10,10,43
10,12,5.5,10,0,10,10,44
10,12,5.5,10,0,10,10,45
10,12,5.5,10,0,10,10,46
10,12,5.5,10,0,10,10,47
10,12,5.5,10,0,10,10,48
10,12,5.5,10,0,10,10,49
10,12,5.5,10,0,10,10,50
10,12,6,10,0,10,10,1
10,12,6,10,0,10,10,2
10,12,6,10,0,10,10,3
10,12,6,10,0,10,10,4
10,12,6,10,0,10,10,5
10,12,6,10,0,10,10,6
10,12,6,10,0,10,10,7
10,12,6,10,0,10,10,8
10,12,6,10,0,10,10,9
10,12,6,10,0,10,10,10
10,12,6,10,0,10,10,11
10,12,6,10,0,10,10,12
10,12,6,10,0,10,10,13
10,12,6,10,0,10,10,14
10,12,6,10,0,10,10,15
10,12,6,10,0,10,10,16
10,12,6,10,0,10,10,17
10,12,6,10,0,10,10,18
10,12,6,10,0,10,10,19
10,12,6,10,0,10,10,20
10,12,6,10,0,10,10,21
10,12,6,10,0,10,10,22
10,12,6,10,0,10,10,23
10,12,6,10,0,10,10,24
10,12,6,10,0,10,10,25
10,12,6,10,0,10,10,26
10,12,6,10,0,10,10,27
10,12,6,10,0,10,10,28
10,12,6,10,0,10,10,29
10,12,6,10,0,10,10,30
10,12,6,10,0,10,10,31
10,12,6,10,0,10,10,32
10,12,6,10,0,10,10,33
10,12,6,10,0,10,10,34
10,12,6,10,0,10,10,35
10,12,6,10,0,10,10,36
10,12,6,10,0,10,10,37
10,12,6,10,0,10,10,38
10,12,6,10,0,10,10,39
10,12,6,10,0,10,10,40
10,12,6,10,0,10,10,41
10,12,6,10,0,10,10,42
10,12,6,10,0,10,10,43
10,12,6,10,0,10,10,44
10,12,6,10,0,10,10,45
10,12,6,10,0,10,10,46
10,12,6,10,0,10,10,47
10,12,6,10,0,10,10,48
10,12,6,10,0,10,10,49
10,12,6,10,0,10,10,50
10,12,6.5,10,0,10,10,1
10,12,6.5,10,0,10,10,2
10,12,6.5,10,0,10,10,3
10,12,6.5,10,0,10,10,4
10,12,6.5,10,0,10,10,5
10,12,6.5,10,0,10,10,6
10,12,6.5,10,0,10,10,7
10,12,6.5,10,0,10,10,8
10,12,6.5,10,0,10,10,9
10,12,6.5,10,0,10,10,10
10,12,6.5,10,0,10,10,11
10,12,6.5,10,0,10,10,12
10,12,6.5,10,0,10,10,13
10,12,6.5,10,0,10,10,14
10,12,6.5,10,0,10,10,15
10,12,6.5,10,0,10,10,16
10,12,6.5,10,0,10,10,17
10,12,6.5,10,0,10,10,18
10,12,6.5,10,0,10,10,19
10,12,6.5,10,0,10,10,20
10,12,6.5,10,0,10,10,21
10,12,6.5,10,0,10,10,22
10,12,6.5,10,0,10,10,23
10,12,6.5,10,0,10,10,24
10,12,6.5,10,0,10,10,25
10,12,6.5,10,0,10,10,26
10,12,6.5,10,0,10,10,27
10,12,6.5,10,0,10,10,28
10,12,6.5,10,0,10,10,29
10,12,6.5,10,0,10,10,30
10,12,6.5,10,0,10,10,31
10,12,6.5,10,0,10,10,32
10,12,6.5,10,0,10,10,33
10,12,6.5,10,0,10,10,34
10,12,6.5,10,0,10,10,35
10,12,6.5,10,0,10,10,36
10,12,6.5,10,0,10,10,37
10,12,6.5,10,0,10,10,38
10,12,6.5,10,0,10,10,39
10,12,6.5,10,0,10,10,40
10,12,6.5,10,0,10,10,41
10,12,6.5,10,0,10,10,42
10,12,6.5,10,0,10,10,43
10,12,6.5,10,0,10,10,44
10,12,6.5,10,0,10,10,45
10,12,6.5,10,0,10,10,46
10,12,6.5,10,0,10,10,47
10,12,6.5,10,0,10,10,48
10,12,6.5,10,0,10,10,49
10,12,6.5,10,0,10,10,50
10,12,7,10,0,10,10,1
10,12,7,10,0,10,10,2
10,12,7,10,0,10,10,3
10,12,7,10,0,10,10,4
10,12,7,10,0,10,10,5
10,12,7,10,0,10,10,6
10,12,7,10,0,10,10,7
10,12,7,10,0,10,10,8
10,12,7,10,0,10,10,9
10,12,7,10,0,10,10,10
10,12,7,10,0,10,10,11
10,12,7,10,0,10,10,12
10,12,7,10,0,10,10,13
10,12,7,10,0,10,10,14
10,12,7,10,0,10,10,15
10,12,7,10,0,10,10,16
10,12,7,10,0,10,10,17
10,12,7,10,0,10,10,18
10,12,7,10,0,10,10,19
10,12,7,10,0,10,10,20
10,12,7,10,0,10,10,21
10,12,7,10,0,10,10,22
10,12,7,10,0,10,10,23
10,12,7,10,0,10,10,24
10,12,7,10,0,10,10,25
10,12,7,10,0,10,10,26
10,12,7,10,0,10,10,27
10,12,7,10,0,10,10,28
10,12,7,10,0,10,10,29
10,12,7,10,0,10,10,30
10,12,7,10,0,10,10,31
10,12,7,10,0,10,10,32
10,12,7,10,0,10,10,33
10,12,7,10,0,10,10,34
10,12,7,10,0,10,10,35
10,12,7,10,0,10,10,36
10,12,7,10,0,10,10,37
10,12,7,10,0,10,10,38
10,12,7,10,0,10,10,39
10,12,7,10,0,10,10,40
10,12,7,10,0,10,10,41
10,12,7,10,0,10,10,42
10,12,7,10,0,10,10,43
10,12,7,10,0,10,10,44
10,12,7,10,0,10,10,45
10,12,7,10,0,10,10,46
10,12,7,10,0,10,10,47
10,12,7,10,0,10,10,48
10,12,7,10,0,10,10,49
10,12,7,10,0,10,10,50
10,12,7.5,10,0,10,10,1
10,12,7.5,10,0,10,10,2
10,12,7.5,10,0,10,10,3
10,12,7.5,10,0,10,10,4
10,12,7.5,10,0,10,10,5
10,12,7.5,10,0,10,10,6
10,12,7.5,10,0,10,10,7
10,12,7.5,10,0,10,10,8
10,12,7.5,10,0,10,10,9
10,12,7.5,10,0,10,10,10
10,12,7.5,10,0,10,10,11
10,12,7.5,10,0,10,10,12
10,12,7.5,10,0,10,10,13
10,12,7.5,10,0,10,10,14
10,12,7.5,10,0,10,10,15
10,12,7.5,10,0,10,10,16
10,12,7.5,10,0,10,10,17
10,12,7.5,10,0,10,10,18
10,12,7.5,10,0,10,10,19
10,12,7.5,10,0,10,10,20
10,12,7.5,10,0,10,10,21
10,12,7.5,10,0,10,10,22
10,12,7.5,10,0,10,10,23
10,12,7.5,10,0,10,10,24
10,12,7.5,10,0,10,10,25
10,12,7.5,10,0,10,10,26
10,12,7.5,10,0,10,10,27
10,12,7.5,10,0,10,10,28
10,12,7.5,10,0,10,10,29
10,12,7.5,10,0,10,10,30
10,12,7.5,10,0,10,10,31
10,12,7.5,10,0,10,10,32
10,12,7.5,10,0,10,10,33
10,12,7.5,10,0,10,10,34
10,12,7.5,10,0,10,10,35
10,12,7.5,10,0,10,10,36
10,12,7.5,10,0,10,10,37
10,12,7.5,10,0,10,10,38
10,12,7.5,10,0,10,10,39
10,12,7.5,10,0,10,10,40
10,12,7.5,10,0,10,10,41
10,12,7.5,10,0,10,10,42
10,12,7.5,10,0,10,10,43
10,12,7.5,10,0,10,10,44
10,12,7.5,10,0,10,10,45
10,12,7.5,10,0,10,10,46
10,12,7.5,10,0,10,10,47
10,12,7.5,10,0,10,10,48
10,12,7.5,10,0,10,10,49
10,12,7.5,10,0,10,10,50
10,12,8,10,0,10,10,1
10,12,8,10,0,10,10,2
10,12,8,10,0,10,10,3
10,12,8,10,0,10,10,4
10,12,8,10,0,10,10,5
10,12,8,10,0,10,10,6
10,12,8,10,0,10,10,7
10,12,8,10,0,10,10,8
10,12,8,10,0,10,10,9
10,12,8,10,0,10,10,10
10,12,8,10,0,10,10,11
10,12,8,10,0,10,10,12
10,12,8,10,0,10,10,13
10,12,8,10,0,10,10,14
10,12,8,10,0,10,10,15
10,12,8,10,0,10,10,16
10,12,8,10,0,10,10,17
10,12,8,10,0,10,10,18
10,12,8,10,0,10,10,19
10,12,8,10,0,10,10,20
10,12,8,10,0,10,10,21
10,12,8,10,0,10,10,22
10,12,8,10,0,10,10,23
10,12,8,10,0,10,10,24
10,12,8,10,0,10,10,25
10,12,8,10,0,10,10,26
10,12,8,10,0,10,10,27
10,12,8,10,0,10,10,28
10,12,8,10,0,10,10,29
10,12,8,10,0,10,10,30
10,12,8,10,0,10,10,31
10,12,8,10,0,10,10,32
10,12,8,10,0,10,10,33
10,12,8,10,0,10,10,34
10,12,8,10,0,10,10,35
10,12,8,10,0,10,10,36
10,12,8,10,0,10,10,37
10,12,8,10,0,10,10,38
10,12,8,10,0,10,10,39
10,12,8,10,0,10,10,40
10,12,8,10,0,10,10,41
10,12,8,10,0,10,10,42
10,12,8,10,0,10,10,43
10,12,8,10,0,10,10,44
10,12,8,10,0,10,10,45
10,12,8,10,0,10,10,46
10,12,8,10,0,10,10,47
10,12,8,10,0,10,10,48
10,12,8,10,0,10,10,49
10,12,8,10,0,10,10,50
10,12,8.5,10,0,10,10,1
10,12,8.5,10,0,10,10,2
10,12,8.5,10,0,10,10,3
10,12,8.5,10,0,10,10,4
10,12,8.5,10,0,10,10,5
10,12,8.5,10,0,10,10,6
10,12,8.5,10,0,10,10,7
10,12,8.5,10,0,10,10,8
10,12,8.5,10,0,10,10,9
10,12,8.5,10,0,10,10,10
10,12,8.5,10,0,10,10,11
10,12,8.5,10,0,10,10,12
10,12,8.5,10,0,10,10,13
10,12,8.5,10,0,10,10,14
10,12,8.5,10,0,10,10,15
10,12,8.5,10,0,10,10,16
10,12,8.5,10,0,10,10,17
10,12,8.5,10,0,10,10,18
10,12,8.5,10,0,10,10,19
10,12,8.5,10,0,10,10,20
10,12,8.5,10,0,10,10,21
10,12,8.5,10,0,10,10,22
10,12,8.5,10,0,10,10,23
10,12,8.5,10,0,10,10,24
10,12,8.5,10,0,10,10,25
10,12,8.5,10,0,10,10,26
10,12,8.5,10,0,10,10,27
10,12,8.5,10,0,10,10,28
10,12,8.5,10,0,10,10,29
10,12,8.5,10,0,10,10,30
10,12,8.5,10,0,10,10,31
10,12,8.5,10,0,10,10,32
10,12,8.5,10,0,10,10,33
10,12,8.5,10,0,10,10,34
10,12,8.5,10,0,10,10,35
10,12,8.5,10,0,10,10,36
10,12,8.5,10,0,10,10,37
10,12,8.5,10,0,10,10,38
10,12,8.5,10,0,10,10,39
10,12,8.5,10,0,10,10,40
10,12,8.5,10,0,10,10,41
10,12,8.5,10,0,10,10,42
10,12,8.5,10,0,10,10,43
10,12,8.5,10,0,10,10,44
10,12,8.5,10,0,10,10,45
10,12,8.5,10,0,10,10,46
10,12,8.5,10,0,10,10,47
10,12,8.5,10,0,10,10,48
10,12,8.5,10,0,10,10,49
10,12,8.5,10,0,10,10,50
10,12,9,10,0,10,10,1
10,12,9,10,0,10,10,2
10,12,9,10,0,10,10,3
10,12,9,10,0,10,10,4
10,12,9,10,0,10,10,5
10,12,9,10,0,10,10,6
10,12,9,10,0,10,10,7
10,12,9,10,0,10,10,8
10,12,9,10,0,10,10,9
10,12,9,10,0,10,10,10
10,12,9,10,0,10,10,11
10,12,9,10,0,10,10,12
10,12,9,10,0,10,10,13
10,12,9,10,0,10,10,14
10,12,9,10,0,10,10,15
10,12,9,10,0,10,10,16
10,12,9,10,0,10,10,17
10,12,9,10,0,10,10,18
10,12,9,10,0,10,10,19
10,12,9,10,0,10,10,20
10,12,9,10,0,10,10,21
10,12,9,10,0,10,10,22
10,12,9,10,0,10,10,23
10,12,9,10,0,10,10,24
10,12,9,10,0,10,10,25
10,12,9,10,0,10,10,26
10,12,9,10,0,10,10,27
10,12,9,10,0,10,10,28
10,12,9,10,0,10,10,29
10,12,9,10,0,10,10,30
10,12,9,10,0,10,10,31
10,12,9,10,0,10,10,32
10,12,9,10,0,10,10,33
10,12,9,10,0,10,10,34
10,12,9,10,0,10,10,35
10,12,9,10,0,10,10,36
10,12,9,10,0,10,10,37
10,12,9,10,0,10,10,38
10,12,9,10,0,10,10,39
10,12,9,10,0,10,10,40
10,12,9,10,0,10,10,41
10,12,9,10,0,10,10,42
10,12,9,10,0,10,10,43
10,12,9,10,0,10,10,44
10,12,9,10,0,10,10,45
10,12,9,10,0,10,10,46
10,12,9,10,0,10,10,47
10,12,9,10,0,10,10,48
10,12,9,10,0,10,10,49
10,12,9,10,0,10,10,50
10,12,9.5,10,0,10,10,1
10,12,9.5,10,0,10,10,2
10,12,9.5,10,0,10,10,3
10,12,9.5,10,0,10,10,4
10,12,9.5,10,0,10,10,5
10,12,9.5,10,0,10,10,6
10,12,9.5,10,0,10,10,7
10,12,9.5,10,0,10,10,8
10,12,9.5,10,0,10,10,9
10,12,9.5,10,0,10,10,10
10,12,9.5,10,0,10,10,11
10,12,9.5,10,0,10,10,12
10,12,9.5,10,0,10,10,13
10,12,9.5,10,0,10,10,14
10,12,9.5,10,0,10,10,15
10,12,9.5,10,0,10,10,16
10,12,9.5,10,0,10,10,17
10,12,9.5,10,0,10,10,18
10,12,9.5,10,0,10,10,19
10,12,9.5,10,0,10,10,20
10,12,9.5,10,0,10,10,21
10,12,9.5,10,0,10,10,22
10,12,9.5,10,0,10,10,23
10,12,9.5,10,0,10,10,24
10,12,9.5,10,0,10,10,25
10,12,9.5,10,0,10,10,26
10,12,9.5,10,0,10,10,27
10,12,9.5,10,0,10,10,28
10,12,9.5,10,0,10,10,29
10,12,9.5,10,0,10,10,30
10,12,9.5,10,0,10,10,31
10,12,9.5,10,0,10,10,32
10,12,9.5,10,0,10,10,33
10,12,9.5,10,0,10,10,34
10,12,9.5,10,0,10,10,35
10,12,9.5,10,0,10,10,36
10,12,9.5,10,0,10,10,37
10,12,9.5,10,0,10,10,38
10,12,9.5,10,0,10,10,39
10,12,9.5,10,0,10,10,40
10,12,9.5,10,0,10,10,41
10,12,9.5,10,0,10,10,42
10,12,9.5,10,0,10,10,43
10,12,9.5,10,0,10,10,44
10,12,9.5,10,0,10,10,45
10,12,9.5,10,0,10,10,46
10,12,9.5,10,0,10,10,47
10,12,9.5,10,0,10,10,48
10,12,9.5,10,0,10,10,49
10,12,9.5,10,0,10,10,50
10,12,10,10,0,10,10,1
10,12,10,10,0,10,10,2
10,12,10,10,0,10,10,3
10,12,10,10,0,10,10,4
10,12,10,10,0,10,10,5
10,12,10,10,0,10,10,6
10,12,10,10,0,10,10,7
10,12,10,10,0,10,10,8
10,12,10,10,0,10,10,9
10,12,10,10,0,10,10,10
10,12,10,10,0,10,10,11
10,12,10,10,0,10,10,12
10,12,10,10,0,10,10,13
10,12,10,10,0,10,10,14
10,12,10,10,0,10,10,15
10,12,10,10,0,10,10,16
10,12,10,10,0,10,10,17
10,12,10,10,0,10,10,18
10,12,10,10,0,10,10,19
10,12,10,10,0,10,10,20
10,12,10,10,0,10,10,21
10,12,10,10,0,10,10,22
10,12,10,10,0,10,10,23
10,12,10,10,0,10,10,24
10,12,10,10,0,10,10,25
10,12,10,10,0,10,10,26
10,12,10,10,0,10,10,27
10,12,10,10,0,10,10,28
10,12,10,10,0,10,10,29
10,12,10,10,0,10,10,30
10,12,10,10,0,10,10,31
10,12,10,10,0,10,10,32
10,12,10,10,0,10,10,33
10,12,10,10,0,10,10,34
10,12,10,10,0,10,10,35
10,12,10,10,0,10,10,36
10,12,10,10,0,10,10,37
10,12,10,10,0,10,10,38
10,12,10,10,0,10,10,39
10,12,10,10,0,10,10,40
10,12,10,10,0,10,10,41
10,12,10,10,0,10,10,42
10,12,10,10,0,10,10,43
10,12,10,10,0,10,10,44
10,12,10,10,0,10,10,45
10,12,10,10,0,10,10,46
10,12,10,10,0,10,10,47
10,12,10,10,0,10,10,48
10,12,10,10,0,10,10,49
10,12,10,10,0,10,10,50
10,12,10.5,10,0,10,10,1
10,12,10.5,10,0,10,10,2
10,12,10.5,10,0,10,10,3
10,12,10.5,10,0,10,10,4
10,12,10.5,10,0,10,10,5
10,12,10.5,10,0,10,10,6
10,12,10.5,10,0,10,10,7
10,12,10.5,10,0,10,10,8
10,12,10.5,10,0,10,10,9
10,12,10.5,10,0,10,10,10
10,12,10.5,10,0,10,10,11
10,12,10.5,10,0,10,10,12
10,12,10.5,10,0,10,10,13
10,12,10.5,10,0,10,10,14
10,12,10.5,10,0,10,10,15
10,12,10.5,10,0,10,10,16
10,12,10.5,10,0,10,10,17
10,12,10.5,10,0,10,10,18
10,12,10.5,10,0,10,10,19
10,12,10.5,10,0,10,10,20
10,12,10.5,10,0,10,10,21
10,12,10.5,10,0,10,10,22
10,12,10.5,10,0,10,10,23
10,12,10.5,10,0,10,10,24
10,12,10.5,10,0,10,10,25
10,12,10.5,10,0,10,10,26
10,12,10.5,10,0,10,10,27
10,12,10.5,10,0,10,10,28
10,12,10.5,10,0,10,10,29
10,12,10.5,10,0,10,10,30
10,12,10.5,10,0,10,10,31
10,12,10.5,10,0,10,10,32
10,12,10.5,10,0,10,10,33
10,12,10.5,10,0,10,10,34
10,12,10.5,10,0,10,10,35
10,12,10.5,10,0,10,10,36
10,12,10.5,10,0,10,10,37
10,12,10.5,10,0,10,10,38
10,12,10.5,10,0,10,10,39
10,12,10.5,10,0,10,10,40
10,12,10.5,10,0,10,10,41
10,12,10.5,10,0,10,10,42
10,12,10.5,10,0,10,10,43
10,12,10.5,10,0,10,10,44
10,12,10.5,10,0,10,10,45
10,12,10.5,10,0,10,10,46
10,12,10.5,10,0,10,10,47
10,12,10.5,10,0,10,10,48
10,12,10.5,10,0,10,10,49
10,12,10.5,10,0,10,10,50
10,12,11,10,0,10,10,1
10,12,11,10,0,10,10,2
10,12,11,10,0,10,10,3
10,12,11,10,0,10,10,4
10,12,11,10,0,10,10,5
10,12,11,10,0,10,10,6
10,12,11,10,0,10,10,7
10,12,11,10,0,10,10,8
10,12,11,10,0,10,10,9
10,12,11,10,0,10,10,10
10,12,11,10,0,10,10,11
10,12,11,10,0,10,10,12
10,12,11,10,0,10,10,13
10,12,11,10,0,10,10,14
10,12,11,10,0,10,10,15
10,12,11,10,0,10,10,16
10,12,11,10,0,10,10,17
10,12,11,10,0,10,10,18
10,12,11,10,0,10,10,19
10,12,11,10,0,10,10,20
10,12,11,10,0,10,10,21
10,12,11,10,0,10,10,22
10,12,11,10,0,10,10,23
10,12,11,10,0,10,10,24
10,12,11,10,0,10,10,25
10,12,11,10,0,10,10,26
10,12,11,10,0,10,10,27
10,12,11,10,0,10,10,28
10,12,11,10,0,10,10,29
10,12,11,10,0,10,10,30
10,12,11,10,0,10,10,31
10,12,11,10,0,10,10,32
10,12,11,10,0,10,10,33
10,12,11,10,0,10,10,34
10,12,11,10,0,10,10,35
10,12,11,10,0,10,10,36
10,12,11,10,0,10,10,37
10,12,11,10,0,10,10,38
10,12,11,10,0,10,10,39
10,12,11,10,0,10,10,40
10,12,11,10,0,10,10,41
10,12,11,10,0,10,10,42
10,12,11,10,0,10,10,43
10,12,11,10,0,10,10,44
10,12,11,10,0,10,10,45
10,12,11,10,0,10,10,46
10,12,11,10,0,10,10,47
10,12,11,10,0,10,10,48
10,12,11,10,0,10,10,49
10,12,11,10,0,10,10,50
10,12,11.5,10,0,10,10,1
10,12,11.5,10,0,10,10,2
10,12,11.5,10,0,10,10,3
10,12,11.5,10,0,10,10,4
10,12,11.5,10,0,10,10,5
10,12,11.5,10,0,10,10,6
10,12,11.5,10,0,10,10,7
10,12,11.5,10,0,10,10,8
10,12,11.5,10,0,10,10,9
10,12,11.5,10,0,10,10,10
10,12,11.5,10,0,10,10,11
10,12,11.5,10,0,10,10,12
10,12,11.5,10,0,10,10,13
10,12,11.5,10,0,10,10,14
10,12,11.5,10,0,10,10,15
10,12,11.5,10,0,10,10,16
10,12,11.5,10,0,10,10,17
10,12,11.5,10,0,10,10,18
10,12,11.5,10,0,10,10,19
10,12,11.5,10,0,10,10,20
10,12,11.5,10,0,10,10,21
10,12,11.5,10,0,10,10,22
10,12,11.5,10,0,10,10,23
10,12,11.5,10,0,10,10,24
10,12,11.5,10,0,10,10,25
10,12,11.5,10,0,10,10,26
10,12,11.5,10,0,10,10,27
10,12,11.5,10,0,10,10,28
10,12,11.5,10,0,10,10,29
10,12,11.5,10,0,10,10,30
10,12,11.5,10,0,10,10,31
10,12,11.5,10,0,10,10,32
10,12,11.5,10,0,10,10,33
10,12,11.5,10,0,10,10,34
10,12,11.5,10,0,10,10,35
10,12,11.5,10,0,10,10,36
10,12,11.5,10,0,10,10,37
10,12,11.5,10,0,10,10,38
10,12,11.5,10,0,10,10,39
10,12,11.5,10,0,10,10,40
10,12,11.5,10,0,10,10,41
10,12,11.5,10,0,10,10,42
10,12,11.5,10,0,10,10,43
10,12,11.5,10,0,10,10,44
10,12,11.5,10,0,10,10,45
10,12,11.5,10,0,10,10,46
10,12,11.5,10,0,10,10,47
10,12,11.5,10,0,10,10,48
10,12,11.5,10,0,10,10,49
10,12,11.5,10,0,10,10,50
10,12,12,10,0,10,10,1
10,12,12,10,0,10,10,2
10,12,12,10,0,10,10,3
10,12,12,10,0,10,10,4
10,12,12,10,0,10,10,5
10,12,12,10,0,10,10,6
10,12,12,10,0,10,10,7
10,12,12,10,0,10,10,8
10,12,12,10,0,10,10,9
10,12,12,10,0,10,10,10
10,12,12,10,0,10,10,11
10,12,12,10,0,10,10,12
10,12,12,10,0,10,10,13
10,12,12,10,0,10,10,14
10,12,12,10,0,10,10,15
10,12,12,10,0,10,10,16
10,12,12,10,0,10,10,17
10,12,12,10,0,10,10,18
10,12,12,10,0,10,10,19
10,12,12,10,0,10,10,20
10,12,12,10,0,10,10,21
10,12,12,10,0,10,10,22
10,12,12,10,0,10,10,23
10,12,12,10,0,10,10,24
10,12,12,10,0,10,10,25
10,12,12,10,0,10,10,26
10,12,12,10,0,10,10,27
10,12,12,10,0,10,10,28
10,12,12,10,0,10,10,29
10,12,12,10,0,10,10,30
10,12,12,10,0,10,10,31
10,12,12,10,0,10,10,32
10,12,12,10,0,10,10,33
10,12,12,10,0,10,10,34
10,12,12,10,0,10,10,35
10,12,12,10,0,10,10,36
10,12,12,10,0,10,10,37
10,12,12,10,0,10,10,38
10,12,12,10,0,10,10,39
10,12,12,10,0,10,10,40
10,12,12,10,0,10,10,41
10,12,12,10,0,10,10,42
10,12,12,10,0,10,10,43
10,12,12,10,0,10,10,44
10,12,12,10,0,10,10,45
10,12,12,10,0,10,10,46
10,12,12,10,0,10,10,47
10,12,12,10,0,10,10,48
10,12,12,10,0,10,10,49
10,12,12,10,0,10,10,50
